==================== Input ====================
datafile             = data/finaldata/step4f_run1to20_eg_doubleonly_allpatterns_500ns.txt
events_used          = 18
skipped_non5         = 0
skipped_outside_win  = 1560
N_mu_eff_nom         = 1708.778834
N_mu_eff_sigma       = 25.89154932
scan_points          = 25
n_toys_per_point     = 100
seed                 = 717171
===============================================
==================== Best Fit =================
status   = 0
nll_min  = 271.8102312
N_sig_hat = 1.057778487e-08
N_rmd_hat = 1.657337196
N_acc_hat = 15.32538077
===============================================
==================== Scan =====================
# BR  N_sig_nom  q_obs  p_value  accepted  valid_toys  N_rmd_prof  N_acc_prof
0 0 0 1 1 100 1.657613606 15.32503421
5e-05 0.08543894169 0.1708778273 0.38 1 100 1.657613617 15.32503422
0.0001 0.1708778834 0.3417557326 0.37 1 100 1.657613629 15.32503422
0.00015 0.2563168251 0.5126336525 0.43 1 100 1.657613641 15.32503423
0.0002 0.3417557668 0.6835115869 0.44 1 100 1.657613652 15.32503424
0.00025 0.4271947085 0.854389536 0.25 1 100 1.657613664 15.32503425
0.0003 0.5126336502 1.0252675 0.27 1 100 1.657613676 15.32503426
0.00035 0.5980725919 1.196145478 0.29 1 100 1.657613687 15.32503427
0.0004 0.6835115335 1.367023471 0.31 1 100 1.657613699 15.32503428
0.00045 0.7689504752 1.537901478 0.18 1 100 1.657613711 15.32503429
0.0005 0.8543894169 1.7087795 0.19 1 100 1.657613722 15.3250343
0.00055 0.9398283586 1.879657537 0.15 1 100 1.657613734 15.32503431
0.0006 1.0252673 2.050535588 0.17 1 100 1.657613746 15.32503432
0.00065 1.110706242 2.221413654 0.13 1 100 1.657613757 15.32503432
0.0007 1.196145184 2.392291735 0.19 1 100 1.657613769 15.32503433
0.00075 1.281584125 2.56316983 0.1 1 100 1.657613781 15.32503434
0.0008 1.367023067 2.73404794 0.13 1 100 1.657613792 15.32503435
0.00085 1.452462009 2.904926064 0.13 1 100 1.657613804 15.32503436
0.0009 1.53790095 3.075804203 0.09 0 100 1.657613816 15.32503437
0.00095 1.623339892 3.246682356 0.08 0 100 1.657613827 15.32503438
0.001 1.708778834 3.417560524 0.08 0 100 1.657613839 15.32503439
0.00105 1.794217776 3.588438707 0.01 0 100 1.65761385 15.3250344
0.0011 1.879656717 3.759316904 0.1 1 100 1.657613862 15.32503441
0.00115 1.965095659 3.930195116 0.02 0 100 1.657613874 15.32503442
0.0012 2.050534601 4.101073343 0.02 0 100 1.657613885 15.32503442
===============================================
==================== Limit ====================
BR_90             = 0.0011
N_sig_90_nominal  = 1.879656717
===============================================
note: current BR upper limit randomises only N_mu_eff in toy generation
      and otherwise uses the existing ConstraintNLL(yields).
