==================== Input ====================
datafile             = data/finaldata/step4f_run1to20_eg_doubleonly_allpatterns_500ns.txt
events_used          = 18
skipped_non5         = 0
skipped_outside_win  = 1560
N_mu_eff_nom         = 10000
N_mu_eff_sigma       = 100
scan_points          = 26
n_toys_per_point     = 100
seed                 = 424242
===============================================
==================== Best Fit =================
status   = 0
nll_min  = 271.8102312
N_sig_hat = 1.057778487e-08
N_rmd_hat = 1.657337196
N_acc_hat = 15.32538077
===============================================
==================== Scan =====================
# BR  N_sig_nom  q_obs  p_value  accepted  valid_toys  N_rmd_prof  N_acc_prof
0 0 0 1 1 100 1.657613606 15.32503421
1e-05 0.1 0.1999999466 0.33 1 100 1.657613619 15.32503422
2e-05 0.2 0.3999999766 0.47 1 100 1.657613633 15.32503423
3e-05 0.3 0.6000000266 0.44 1 100 1.657613647 15.32503424
4e-05 0.4 0.8000000966 0.27 1 100 1.65761366 15.32503425
5e-05 0.5 1.000000187 0.26 1 100 1.657613674 15.32503426
6e-05 0.6 1.200000297 0.21 1 100 1.657613687 15.32503427
7e-05 0.7 1.400000427 0.2 1 100 1.657613701 15.32503428
8e-05 0.8 1.600000577 0.17 1 100 1.657613715 15.32503429
9e-05 0.9 1.800000747 0.17 1 100 1.657613728 15.3250343
0.0001 1 2.000000937 0.24 1 100 1.657613742 15.32503431
0.00011 1.1 2.200001147 0.19 1 100 1.657613756 15.32503432
0.00012 1.2 2.400001377 0.16 1 100 1.657613769 15.32503433
0.00013 1.3 2.600001627 0.16 1 100 1.657613783 15.32503434
0.00014 1.4 2.800001897 0.15 1 100 1.657613797 15.32503436
0.00015 1.5 3.000002187 0.09 0 100 1.65761381 15.32503437
0.00016 1.6 3.200002497 0.08 0 100 1.657613824 15.32503438
0.00017 1.7 3.400002827 0.06 0 100 1.657613838 15.32503439
0.00018 1.8 3.600003177 0.05 0 100 1.657613851 15.3250344
0.00019 1.9 3.800003547 0.04 0 100 1.657613865 15.32503441
0.0002 2 4.000003937 0.07 0 100 1.657613879 15.32503442
0.00021 2.1 4.200004347 0.06 0 100 1.657613892 15.32503443
0.00022 2.2 4.400004777 0 0 100 1.657613906 15.32503444
0.00023 2.3 4.600005227 0.01 0 100 1.65761392 15.32503445
0.00024 2.4 4.800005697 0 0 100 1.657613933 15.32503446
0.00025 2.5 5.000006187 0.01 0 100 1.657613947 15.32503447
===============================================
==================== Limit ====================
BR_90             = 0.00014
N_sig_90_nominal  = 1.4
===============================================
note: current BR upper limit randomises only N_mu_eff in toy generation
      and otherwise uses the existing ConstraintNLL(yields).
