==================== Input ====================
datafile             = data/finaldata/step4f_run1to20_eg_doubleonly_allpatterns_500ns.txt
events_used          = 18
skipped_non5         = 0
skipped_outside_win  = 1560
N_mu_eff_nom         = 10000
N_mu_eff_sigma       = 100
scan_points          = 21
n_toys_per_point     = 100
seed                 = 123456
===============================================
==================== Best Fit =================
status   = 0
nll_min  = 271.8102312
N_sig_hat = 1.057778487e-08
N_rmd_hat = 1.657337196
N_acc_hat = 15.32538077
===============================================
==================== Scan =====================
# BR  N_sig_nom  q_obs  p_value  accepted  valid_toys  N_rmd_prof  N_acc_prof
0 0 0 1 1 99 1.657613606 15.32503421
0.0001 1 2.000000937 0.11 1 100 1.657613742 15.32503431
0.0002 2 4.000003937 0.02 0 100 1.657613879 15.32503442
0.0003 3 6.000008937 0.01 0 100 1.657614015 15.32503453
0.0004 4 8.000015937 0 0 100 1.657614152 15.32503463
0.0005 5 10.00002494 0 0 100 1.657614288 15.32503474
0.0006 6 12.00003594 0.01 0 100 1.657614425 15.32503484
0.0007 7 14.00004894 0 0 100 1.657614561 15.32503495
0.0008 8 16.00006394 0 0 100 1.657614698 15.32503506
0.0009 9 18.00008094 0 0 100 1.657614834 15.32503516
0.001 10 20.00009994 0 0 100 1.657614971 15.32503527
0.0011 11 22.00012094 0 0 100 1.657615107 15.32503537
0.0012 12 24.00014394 0 0 100 1.657615244 15.32503548
0.0013 13 26.00016894 0 0 100 1.65761538 15.32503559
0.0014 14 28.00019594 0 0 100 1.657615517 15.32503569
0.0015 15 30.00022494 0 0 100 1.657615653 15.3250358
0.0016 16 32.00025594 0 0 100 1.65761579 15.32503591
0.0017 17 34.00028894 0 0 100 1.657615926 15.32503601
0.0018 18 36.00032394 0 0 100 1.657616063 15.32503612
0.0019 19 38.00036094 0 0 100 1.657616199 15.32503622
0.002 20 40.00039994 0 0 100 1.657616336 15.32503633
===============================================
==================== Limit ====================
BR_90             = 0.0001
N_sig_90_nominal  = 1
===============================================
note: current BR upper limit randomises only N_mu_eff in toy generation
      and otherwise uses the existing ConstraintNLL(yields).
