==================== Input ====================
datafile                   = data/finaldata/step4f_run1to20_eg_doubleonly_allpatterns_500ns.txt
events_used                = 18
skipped_non5               = 0
skipped_outside_win        = 1560
N_mu_eff_nom               = 1708.778834
N_mu_eff_sigma             = 25.89154932
br_scan_points             = 25
n_calib_toys               = 400
n_sens_toys                = 2000
seed                       = 246813579
n_validation_toys          = 4
n_validation_inner         = 100
===============================================
==================== Fits =====================
data_free_status           = 0
data_free_nll             = 271.8102312
data_free_N_sig_hat       = 1.057778487e-08
data_free_N_rmd_hat       = 1.657337196
data_free_N_acc_hat       = 15.32538077
data_bg0_status            = 0
data_bg0_nll              = 271.8102311
data_bg0_N_sig_fixed      = 0
data_bg0_N_rmd_hat        = 1.657664819
data_bg0_N_acc_hat        = 15.32459549
===============================================
================== Calibration =================
# BR  N_sig_nom  n_valid  q50  q90  q95
0 0 400 0 0 0
5e-05 0.08543894169 400 0.1708777274 1.351276942 3.050123875
0.0001 0.1708778834 400 0.3417556515 1.849539669 1.875079127
0.00015 0.2563168251 400 0.5126335712 1.232718387 1.248582503
0.0002 0.3417557668 400 0.6835115607 0.830828326 3.59980641
0.00025 0.4271947085 400 0.85438877 0.8543895989 3.000912436
0.0003 0.5126336502 400 1.025266356 1.025267563 2.465125112
0.00035 0.5980725919 400 1.196144802 1.99031265 2.024902673
0.0004 0.6835115335 400 1.367020689 1.645439066 1.661727116
0.00045 0.7689504752 400 1.354793537 1.537901531 1.537901541
0.0005 0.8543894169 400 1.105460935 1.708779556 3.194297063
0.00055 0.9398283586 400 0.9008347203 1.8796576 2.797989226
0.0006 1.0252673 400 0.7174145526 2.050535645 2.446251151
0.00065 1.110706242 400 0.56832348 2.22141367 2.221413715
0.0007 1.196145184 400 0.4405703206 2.392291752 2.392291798
0.00075 1.281584125 400 0.3422400648 2.563169853 2.563169893
0.0008 1.367023067 400 0.2540884925 2.734047962 2.734048003
0.00085 1.452462009 400 0.1828969169 2.904926023 2.904926126
0.0009 1.53790095 400 0.2273448407 3.075804125 3.075804259
0.00095 1.623339892 400 0.2864766465 3.246682358 3.246682418
0.001 1.708778834 400 0.355823034 3.4175604 3.417560583
0.00105 1.794217776 400 0.431995376 3.588438574 3.588438767
0.0011 1.879656717 400 0.5023931795 3.759316169 3.759316902
0.00115 1.965095659 400 0.5791123246 3.930193827 3.930195053
0.0012 2.050534601 400 0.6649619372 4.101072293 4.101073372
calibration_seconds        = 232.3524294
===============================================
=================== Observed ===================
observed_fast_ok           = 1
observed_fast_BR90         = 0.0008
observed_fast_Nsig90_nom   = 1.367023067
# BR  q_obs  p_value  accepted
0 0 1 1
5e-05 0.1708778273 0.375 1
0.0001 0.3417557325 0.41 1
0.00015 0.5126336524 0.42 1
0.0002 0.6835115869 0.47 1
0.00025 0.854389536 0.2975 1
0.0003 1.0252675 0.2475 1
0.00035 1.196145478 0.3225 1
0.0004 1.367023471 0.2475 1
0.00045 1.537901478 0.18 1
0.0005 1.7087795 0.155 1
0.00055 1.879657537 0.195 1
0.0006 2.050535588 0.1625 1
0.00065 2.221413654 0.1025 1
0.0007 2.392291735 0.105 1
0.00075 2.56316983 0.115 1
0.0008 2.73404794 0.1125 1
0.00085 2.904926064 0.085 0
0.0009 3.075804203 0.0875 0
0.00095 3.246682356 0.1025 0
0.001 3.417560524 0.075 0
0.00105 3.588438707 0.075 0
0.0011 3.759316904 0.05 0
0.00115 3.930195116 0.0425 0
0.0012 4.101073343 0.0675 0
===============================================
================= Sensitivity ==================
sensitivity_valid_toys     = 2000
sensitivity_BR50           = 0.00105
sensitivity_Nsig50_nom     = 1.794217776
sensitivity_BR16           = 0.0004
sensitivity_BR84           = 0.0012
sensitivity_BR05           = 0.0004
sensitivity_BR95           = 0.0012
sensitivity_seconds_total  = 3.337867042
===============================================
=============== Sensitivity Toys ==============
# toy_index  BR90
0 0
1 0
2 0
3 0
4 0
5 0
6 0
7 0
8 0
9 0
10 0
11 0
12 0
13 0
14 0
15 0
16 0
17 0
18 0
19 0
20 0
21 0
22 0
23 0
24 0
25 0
26 0
27 0
28 0
29 0
30 0
31 0
32 0
33 0
34 0
35 0
36 0
37 0
38 0
39 0
40 0
41 0
42 0
43 0
44 0
45 0
46 0
47 0
48 0
49 0
50 0
51 0
52 0
53 0
54 0
55 0
56 0
57 0
58 0
59 0
60 5e-05
61 5e-05
62 5e-05
63 5e-05
64 5e-05
65 5e-05
66 5e-05
67 5e-05
68 5e-05
69 5e-05
70 0.0001
71 0.0002
72 0.0002
73 0.0002
74 0.0002
75 0.0002
76 0.0002
77 0.0002
78 0.0002
79 0.0004
80 0.0004
81 0.0004
82 0.0004
83 0.0004
84 0.0004
85 0.0004
86 0.0004
87 0.0004
88 0.0004
89 0.0004
90 0.0004
91 0.0004
92 0.0004
93 0.0004
94 0.0004
95 0.0004
96 0.0004
97 0.0004
98 0.0004
99 0.0004
100 0.0004
101 0.0004
102 0.0004
103 0.0004
104 0.0004
105 0.0004
106 0.0004
107 0.0004
108 0.0004
109 0.0004
110 0.0004
111 0.0004
112 0.0004
113 0.0004
114 0.0004
115 0.0004
116 0.0004
117 0.0004
118 0.0004
119 0.0004
120 0.0004
121 0.0004
122 0.0004
123 0.0004
124 0.0004
125 0.0004
126 0.0004
127 0.0004
128 0.0004
129 0.0004
130 0.0004
131 0.0004
132 0.0004
133 0.0004
134 0.0004
135 0.0004
136 0.0004
137 0.0004
138 0.0004
139 0.0004
140 0.0004
141 0.0004
142 0.0004
143 0.0004
144 0.0004
145 0.0004
146 0.0004
147 0.0004
148 0.0004
149 0.0004
150 0.0004
151 0.0004
152 0.0004
153 0.0004
154 0.0004
155 0.0004
156 0.0004
157 0.0004
158 0.0004
159 0.0004
160 0.0004
161 0.0004
162 0.0004
163 0.0004
164 0.0004
165 0.0004
166 0.0004
167 0.0004
168 0.0004
169 0.0004
170 0.0004
171 0.0004
172 0.0004
173 0.0004
174 0.0004
175 0.0004
176 0.0004
177 0.0004
178 0.0004
179 0.0004
180 0.0004
181 0.0004
182 0.0004
183 0.0004
184 0.0004
185 0.0004
186 0.0004
187 0.0004
188 0.0004
189 0.0004
190 0.0004
191 0.0004
192 0.0004
193 0.0004
194 0.0004
195 0.0004
196 0.0004
197 0.0004
198 0.0004
199 0.0004
200 0.0004
201 0.0004
202 0.0004
203 0.0004
204 0.0004
205 0.0004
206 0.0004
207 0.0004
208 0.0004
209 0.0004
210 0.0004
211 0.0004
212 0.0004
213 0.0004
214 0.0004
215 0.0004
216 0.0004
217 0.0004
218 0.0004
219 0.0004
220 0.0004
221 0.0004
222 0.0004
223 0.0004
224 0.0004
225 0.0004
226 0.0004
227 0.0004
228 0.0004
229 0.0004
230 0.0004
231 0.0004
232 0.0004
233 0.0004
234 0.0004
235 0.0004
236 0.0004
237 0.0004
238 0.0004
239 0.0004
240 0.0004
241 0.0004
242 0.0004
243 0.0004
244 0.0004
245 0.0004
246 0.0004
247 0.0004
248 0.0004
249 0.0004
250 0.0004
251 0.0004
252 0.0004
253 0.0004
254 0.0004
255 0.0004
256 0.0004
257 0.0004
258 0.0004
259 0.0004
260 0.0004
261 0.0004
262 0.0004
263 0.0004
264 0.0004
265 0.0004
266 0.0004
267 0.0004
268 0.0004
269 0.0004
270 0.0004
271 0.0004
272 0.0004
273 0.0004
274 0.0004
275 0.0004
276 0.0004
277 0.0004
278 0.0004
279 0.0004
280 0.0004
281 0.0004
282 0.0004
283 0.0004
284 0.0004
285 0.0004
286 0.0004
287 0.0004
288 0.0004
289 0.0004
290 0.0004
291 0.0004
292 0.0004
293 0.0004
294 0.0004
295 0.0004
296 0.0004
297 0.0004
298 0.0004
299 0.0004
300 0.0004
301 0.0004
302 0.0004
303 0.0004
304 0.0004
305 0.0004
306 0.0004
307 0.0004
308 0.0004
309 0.0004
310 0.0004
311 0.0004
312 0.0004
313 0.0004
314 0.0004
315 0.0004
316 0.0004
317 0.0004
318 0.0004
319 0.0004
320 0.0004
321 0.0004
322 0.0004
323 0.0004
324 0.0004
325 0.0004
326 0.0004
327 0.0004
328 0.0004
329 0.0004
330 0.0004
331 0.0004
332 0.0004
333 0.0004
334 0.0004
335 0.0004
336 0.0004
337 0.0004
338 0.0004
339 0.0004
340 0.0004
341 0.0004
342 0.0004
343 0.0004
344 0.0004
345 0.0004
346 0.0004
347 0.0004
348 0.0004
349 0.0004
350 0.0004
351 0.0006
352 0.0006
353 0.0006
354 0.0006
355 0.0006
356 0.0006
357 0.0006
358 0.0006
359 0.0006
360 0.0006
361 0.0006
362 0.0006
363 0.0006
364 0.0006
365 0.0006
366 0.0006
367 0.0006
368 0.0006
369 0.0006
370 0.0006
371 0.0006
372 0.0006
373 0.0006
374 0.0006
375 0.0006
376 0.0006
377 0.0006
378 0.0006
379 0.0006
380 0.0006
381 0.0006
382 0.0006
383 0.0006
384 0.0006
385 0.0006
386 0.0006
387 0.0006
388 0.0006
389 0.0006
390 0.0006
391 0.0006
392 0.0006
393 0.0006
394 0.0006
395 0.0006
396 0.0006
397 0.0006
398 0.0006
399 0.0006
400 0.0006
401 0.0006
402 0.0006
403 0.0006
404 0.0006
405 0.0006
406 0.0006
407 0.0006
408 0.0006
409 0.0006
410 0.0006
411 0.0006
412 0.0006
413 0.0006
414 0.0006
415 0.0006
416 0.0006
417 0.0006
418 0.0006
419 0.0006
420 0.0006
421 0.0006
422 0.0006
423 0.0006
424 0.0006
425 0.0006
426 0.0006
427 0.0006
428 0.0006
429 0.0006
430 0.0006
431 0.0006
432 0.0006
433 0.0006
434 0.0006
435 0.0006
436 0.0006
437 0.0006
438 0.0006
439 0.0006
440 0.0006
441 0.0006
442 0.0006
443 0.0006
444 0.0006
445 0.0006
446 0.0006
447 0.0006
448 0.0006
449 0.0006
450 0.0006
451 0.0006
452 0.0006
453 0.0006
454 0.0006
455 0.0006
456 0.0006
457 0.0006
458 0.0006
459 0.0006
460 0.0006
461 0.0006
462 0.0006
463 0.0006
464 0.0006
465 0.0006
466 0.0006
467 0.0006
468 0.0006
469 0.0006
470 0.0006
471 0.0006
472 0.0006
473 0.0006
474 0.0006
475 0.0006
476 0.0006
477 0.0006
478 0.0006
479 0.0006
480 0.0006
481 0.0006
482 0.0006
483 0.0006
484 0.0006
485 0.0006
486 0.0006
487 0.0006
488 0.0006
489 0.0006
490 0.0006
491 0.0006
492 0.0006
493 0.0006
494 0.0006
495 0.0006
496 0.0006
497 0.0006
498 0.0006
499 0.0006
500 0.0006
501 0.0006
502 0.0006
503 0.0006
504 0.0006
505 0.0006
506 0.0006
507 0.0006
508 0.0006
509 0.0006
510 0.0006
511 0.0006
512 0.0006
513 0.0006
514 0.0006
515 0.0006
516 0.0006
517 0.0006
518 0.0006
519 0.0006
520 0.0006
521 0.0006
522 0.0006
523 0.0006
524 0.0006
525 0.0006
526 0.0006
527 0.0006
528 0.0006
529 0.0006
530 0.0006
531 0.0006
532 0.0006
533 0.0006
534 0.0006
535 0.0006
536 0.0006
537 0.0006
538 0.0006
539 0.0006
540 0.0006
541 0.0006
542 0.0006
543 0.0006
544 0.0006
545 0.0006
546 0.0006
547 0.0006
548 0.0006
549 0.0006
550 0.0006
551 0.0006
552 0.0006
553 0.0006
554 0.0006
555 0.0006
556 0.0006
557 0.0006
558 0.0006
559 0.0006
560 0.0006
561 0.0006
562 0.0006
563 0.0006
564 0.0006
565 0.0006
566 0.0006
567 0.0006
568 0.0006
569 0.0006
570 0.0006
571 0.0006
572 0.0006
573 0.0006
574 0.0006
575 0.0006
576 0.0006
577 0.0006
578 0.0006
579 0.0006
580 0.0006
581 0.0008
582 0.0008
583 0.0008
584 0.0008
585 0.0008
586 0.0008
587 0.0008
588 0.0008
589 0.0008
590 0.0008
591 0.0008
592 0.0008
593 0.0008
594 0.0008
595 0.0008
596 0.0008
597 0.0008
598 0.0008
599 0.0008
600 0.0008
601 0.0008
602 0.0008
603 0.0008
604 0.0008
605 0.0008
606 0.0008
607 0.0008
608 0.0008
609 0.0008
610 0.0008
611 0.0008
612 0.0008
613 0.0008
614 0.0008
615 0.0008
616 0.0008
617 0.0008
618 0.0008
619 0.0008
620 0.0008
621 0.0008
622 0.0008
623 0.0008
624 0.0008
625 0.0008
626 0.0008
627 0.0008
628 0.0008
629 0.0008
630 0.0008
631 0.0008
632 0.0008
633 0.0008
634 0.0008
635 0.0008
636 0.0008
637 0.0008
638 0.0008
639 0.0008
640 0.0008
641 0.0008
642 0.0008
643 0.0008
644 0.0008
645 0.0008
646 0.0008
647 0.0008
648 0.0008
649 0.0008
650 0.0008
651 0.0008
652 0.0008
653 0.0008
654 0.0008
655 0.0008
656 0.0008
657 0.0008
658 0.0008
659 0.0008
660 0.0008
661 0.0008
662 0.0008
663 0.0008
664 0.0008
665 0.0008
666 0.0008
667 0.0008
668 0.0008
669 0.0008
670 0.0008
671 0.0008
672 0.0008
673 0.0008
674 0.0008
675 0.0008
676 0.0008
677 0.0008
678 0.0008
679 0.0008
680 0.0008
681 0.0008
682 0.0008
683 0.0008
684 0.0008
685 0.0008
686 0.0008
687 0.0008
688 0.0008
689 0.0008
690 0.0008
691 0.0008
692 0.0008
693 0.0008
694 0.0008
695 0.0008
696 0.0008
697 0.0008
698 0.0008
699 0.0008
700 0.0008
701 0.0008
702 0.0008
703 0.0008
704 0.0008
705 0.0008
706 0.0008
707 0.0008
708 0.0008
709 0.0008
710 0.0008
711 0.0008
712 0.0008
713 0.0008
714 0.0008
715 0.0008
716 0.0008
717 0.0008
718 0.0008
719 0.0008
720 0.0008
721 0.0008
722 0.0008
723 0.0008
724 0.0008
725 0.0008
726 0.0008
727 0.0008
728 0.0008
729 0.0008
730 0.0008
731 0.0008
732 0.0008
733 0.0008
734 0.0008
735 0.0008
736 0.0008
737 0.00085
738 0.00085
739 0.00085
740 0.00085
741 0.00085
742 0.00085
743 0.00085
744 0.00085
745 0.00085
746 0.00085
747 0.00085
748 0.00085
749 0.00085
750 0.00085
751 0.00085
752 0.00085
753 0.00085
754 0.00085
755 0.00085
756 0.00085
757 0.00085
758 0.00085
759 0.00085
760 0.00085
761 0.00085
762 0.00085
763 0.00085
764 0.00085
765 0.00085
766 0.00085
767 0.00085
768 0.00085
769 0.00085
770 0.00085
771 0.00085
772 0.00085
773 0.00085
774 0.00085
775 0.00085
776 0.00085
777 0.00085
778 0.00085
779 0.00085
780 0.00085
781 0.00085
782 0.00085
783 0.00085
784 0.00085
785 0.00085
786 0.00085
787 0.00085
788 0.00085
789 0.00095
790 0.00095
791 0.00095
792 0.00095
793 0.00095
794 0.00095
795 0.00095
796 0.00095
797 0.00095
798 0.00095
799 0.00095
800 0.00095
801 0.00095
802 0.00095
803 0.00095
804 0.00095
805 0.00095
806 0.00095
807 0.00095
808 0.00095
809 0.00095
810 0.00095
811 0.00095
812 0.00095
813 0.00095
814 0.00095
815 0.00095
816 0.00095
817 0.00095
818 0.00095
819 0.00095
820 0.00095
821 0.00095
822 0.00095
823 0.00095
824 0.00095
825 0.00095
826 0.00095
827 0.00095
828 0.00095
829 0.00095
830 0.00095
831 0.00095
832 0.00095
833 0.00095
834 0.00095
835 0.00095
836 0.00095
837 0.00095
838 0.00095
839 0.00095
840 0.00095
841 0.00095
842 0.00095
843 0.00095
844 0.00095
845 0.00095
846 0.00095
847 0.00095
848 0.00095
849 0.00095
850 0.00095
851 0.00095
852 0.00095
853 0.00095
854 0.00095
855 0.00095
856 0.00095
857 0.00095
858 0.00095
859 0.00095
860 0.00105
861 0.00105
862 0.00105
863 0.00105
864 0.00105
865 0.00105
866 0.00105
867 0.00105
868 0.00105
869 0.00105
870 0.00105
871 0.00105
872 0.00105
873 0.00105
874 0.00105
875 0.00105
876 0.00105
877 0.00105
878 0.00105
879 0.00105
880 0.00105
881 0.00105
882 0.00105
883 0.00105
884 0.00105
885 0.00105
886 0.00105
887 0.00105
888 0.00105
889 0.00105
890 0.00105
891 0.00105
892 0.00105
893 0.00105
894 0.00105
895 0.00105
896 0.00105
897 0.00105
898 0.00105
899 0.00105
900 0.00105
901 0.00105
902 0.00105
903 0.00105
904 0.00105
905 0.00105
906 0.00105
907 0.00105
908 0.00105
909 0.00105
910 0.00105
911 0.00105
912 0.00105
913 0.00105
914 0.00105
915 0.00105
916 0.00105
917 0.00105
918 0.00105
919 0.00105
920 0.00105
921 0.00105
922 0.00105
923 0.00105
924 0.00105
925 0.00105
926 0.00105
927 0.00105
928 0.00105
929 0.00105
930 0.00105
931 0.00105
932 0.00105
933 0.00105
934 0.00105
935 0.00105
936 0.00105
937 0.00105
938 0.00105
939 0.00105
940 0.00105
941 0.00105
942 0.00105
943 0.00105
944 0.00105
945 0.00105
946 0.00105
947 0.00105
948 0.00105
949 0.00105
950 0.00105
951 0.00105
952 0.00105
953 0.00105
954 0.00105
955 0.00105
956 0.00105
957 0.00105
958 0.00105
959 0.00105
960 0.00105
961 0.00105
962 0.00105
963 0.00105
964 0.00105
965 0.00105
966 0.00105
967 0.00105
968 0.00105
969 0.00105
970 0.00105
971 0.00105
972 0.00105
973 0.00105
974 0.00105
975 0.00105
976 0.00105
977 0.00105
978 0.00105
979 0.00105
980 0.00105
981 0.00105
982 0.00105
983 0.00105
984 0.00105
985 0.00105
986 0.00105
987 0.00105
988 0.00105
989 0.00105
990 0.00105
991 0.00105
992 0.00105
993 0.00105
994 0.00105
995 0.00105
996 0.00105
997 0.00105
998 0.00105
999 0.00105
1000 0.00105
1001 0.00105
1002 0.00105
1003 0.00105
1004 0.00105
1005 0.00105
1006 0.00105
1007 0.00105
1008 0.00105
1009 0.00105
1010 0.00105
1011 0.00105
1012 0.00105
1013 0.00105
1014 0.00105
1015 0.00105
1016 0.00105
1017 0.00105
1018 0.00105
1019 0.00105
1020 0.00105
1021 0.00105
1022 0.00105
1023 0.00105
1024 0.00105
1025 0.00105
1026 0.00105
1027 0.00105
1028 0.00105
1029 0.00105
1030 0.00105
1031 0.00105
1032 0.00105
1033 0.00105
1034 0.00105
1035 0.00105
1036 0.00105
1037 0.00105
1038 0.00105
1039 0.00105
1040 0.00105
1041 0.00105
1042 0.00105
1043 0.00105
1044 0.00105
1045 0.00105
1046 0.00105
1047 0.00105
1048 0.00105
1049 0.00105
1050 0.00105
1051 0.00105
1052 0.00105
1053 0.00105
1054 0.00105
1055 0.00105
1056 0.00105
1057 0.00105
1058 0.00105
1059 0.00105
1060 0.00105
1061 0.00105
1062 0.00105
1063 0.00105
1064 0.00105
1065 0.00105
1066 0.00105
1067 0.00105
1068 0.00105
1069 0.00105
1070 0.00105
1071 0.00105
1072 0.00105
1073 0.00105
1074 0.00105
1075 0.00105
1076 0.00105
1077 0.00105
1078 0.00105
1079 0.00105
1080 0.00105
1081 0.00105
1082 0.00105
1083 0.00105
1084 0.00105
1085 0.00105
1086 0.00105
1087 0.00105
1088 0.00105
1089 0.00105
1090 0.00105
1091 0.00105
1092 0.00105
1093 0.00105
1094 0.00105
1095 0.00105
1096 0.00105
1097 0.00105
1098 0.00105
1099 0.00105
1100 0.00105
1101 0.00105
1102 0.00105
1103 0.00105
1104 0.00105
1105 0.00105
1106 0.00105
1107 0.00105
1108 0.00105
1109 0.00105
1110 0.00105
1111 0.00105
1112 0.00105
1113 0.00105
1114 0.00105
1115 0.00105
1116 0.00105
1117 0.00105
1118 0.00105
1119 0.00105
1120 0.00105
1121 0.00105
1122 0.00105
1123 0.00105
1124 0.00105
1125 0.00105
1126 0.00105
1127 0.00105
1128 0.00105
1129 0.00105
1130 0.00105
1131 0.00105
1132 0.00105
1133 0.00105
1134 0.00105
1135 0.00105
1136 0.00105
1137 0.00105
1138 0.00105
1139 0.00105
1140 0.00105
1141 0.00105
1142 0.00105
1143 0.00105
1144 0.00105
1145 0.00105
1146 0.00105
1147 0.00105
1148 0.00105
1149 0.0011
1150 0.0011
1151 0.0011
1152 0.0011
1153 0.0011
1154 0.0011
1155 0.0011
1156 0.0011
1157 0.0011
1158 0.0011
1159 0.0011
1160 0.0011
1161 0.0011
1162 0.0011
1163 0.0011
1164 0.0011
1165 0.0011
1166 0.0011
1167 0.0011
1168 0.0011
1169 0.0011
1170 0.0011
1171 0.0011
1172 0.0011
1173 0.0011
1174 0.0011
1175 0.0011
1176 0.0011
1177 0.0011
1178 0.0011
1179 0.0011
1180 0.0011
1181 0.0011
1182 0.0011
1183 0.0011
1184 0.0011
1185 0.0011
1186 0.0011
1187 0.0011
1188 0.0011
1189 0.0011
1190 0.0011
1191 0.0011
1192 0.0011
1193 0.0011
1194 0.0011
1195 0.0011
1196 0.0011
1197 0.0011
1198 0.0011
1199 0.0011
1200 0.0011
1201 0.0011
1202 0.0011
1203 0.0011
1204 0.0011
1205 0.0011
1206 0.0011
1207 0.0011
1208 0.0011
1209 0.0011
1210 0.0011
1211 0.0011
1212 0.0011
1213 0.0011
1214 0.0011
1215 0.0011
1216 0.0011
1217 0.0011
1218 0.0011
1219 0.0011
1220 0.0011
1221 0.0011
1222 0.0011
1223 0.0011
1224 0.0011
1225 0.0011
1226 0.0011
1227 0.0011
1228 0.0011
1229 0.0011
1230 0.0011
1231 0.0011
1232 0.0011
1233 0.0011
1234 0.0011
1235 0.0011
1236 0.0011
1237 0.0011
1238 0.0011
1239 0.0011
1240 0.0011
1241 0.0011
1242 0.0011
1243 0.0011
1244 0.0011
1245 0.0011
1246 0.0011
1247 0.0011
1248 0.0011
1249 0.0011
1250 0.0011
1251 0.0012
1252 0.0012
1253 0.0012
1254 0.0012
1255 0.0012
1256 0.0012
1257 0.0012
1258 0.0012
1259 0.0012
1260 0.0012
1261 0.0012
1262 0.0012
1263 0.0012
1264 0.0012
1265 0.0012
1266 0.0012
1267 0.0012
1268 0.0012
1269 0.0012
1270 0.0012
1271 0.0012
1272 0.0012
1273 0.0012
1274 0.0012
1275 0.0012
1276 0.0012
1277 0.0012
1278 0.0012
1279 0.0012
1280 0.0012
1281 0.0012
1282 0.0012
1283 0.0012
1284 0.0012
1285 0.0012
1286 0.0012
1287 0.0012
1288 0.0012
1289 0.0012
1290 0.0012
1291 0.0012
1292 0.0012
1293 0.0012
1294 0.0012
1295 0.0012
1296 0.0012
1297 0.0012
1298 0.0012
1299 0.0012
1300 0.0012
1301 0.0012
1302 0.0012
1303 0.0012
1304 0.0012
1305 0.0012
1306 0.0012
1307 0.0012
1308 0.0012
1309 0.0012
1310 0.0012
1311 0.0012
1312 0.0012
1313 0.0012
1314 0.0012
1315 0.0012
1316 0.0012
1317 0.0012
1318 0.0012
1319 0.0012
1320 0.0012
1321 0.0012
1322 0.0012
1323 0.0012
1324 0.0012
1325 0.0012
1326 0.0012
1327 0.0012
1328 0.0012
1329 0.0012
1330 0.0012
1331 0.0012
1332 0.0012
1333 0.0012
1334 0.0012
1335 0.0012
1336 0.0012
1337 0.0012
1338 0.0012
1339 0.0012
1340 0.0012
1341 0.0012
1342 0.0012
1343 0.0012
1344 0.0012
1345 0.0012
1346 0.0012
1347 0.0012
1348 0.0012
1349 0.0012
1350 0.0012
1351 0.0012
1352 0.0012
1353 0.0012
1354 0.0012
1355 0.0012
1356 0.0012
1357 0.0012
1358 0.0012
1359 0.0012
1360 0.0012
1361 0.0012
1362 0.0012
1363 0.0012
1364 0.0012
1365 0.0012
1366 0.0012
1367 0.0012
1368 0.0012
1369 0.0012
1370 0.0012
1371 0.0012
1372 0.0012
1373 0.0012
1374 0.0012
1375 0.0012
1376 0.0012
1377 0.0012
1378 0.0012
1379 0.0012
1380 0.0012
1381 0.0012
1382 0.0012
1383 0.0012
1384 0.0012
1385 0.0012
1386 0.0012
1387 0.0012
1388 0.0012
1389 0.0012
1390 0.0012
1391 0.0012
1392 0.0012
1393 0.0012
1394 0.0012
1395 0.0012
1396 0.0012
1397 0.0012
1398 0.0012
1399 0.0012
1400 0.0012
1401 0.0012
1402 0.0012
1403 0.0012
1404 0.0012
1405 0.0012
1406 0.0012
1407 0.0012
1408 0.0012
1409 0.0012
1410 0.0012
1411 0.0012
1412 0.0012
1413 0.0012
1414 0.0012
1415 0.0012
1416 0.0012
1417 0.0012
1418 0.0012
1419 0.0012
1420 0.0012
1421 0.0012
1422 0.0012
1423 0.0012
1424 0.0012
1425 0.0012
1426 0.0012
1427 0.0012
1428 0.0012
1429 0.0012
1430 0.0012
1431 0.0012
1432 0.0012
1433 0.0012
1434 0.0012
1435 0.0012
1436 0.0012
1437 0.0012
1438 0.0012
1439 0.0012
1440 0.0012
1441 0.0012
1442 0.0012
1443 0.0012
1444 0.0012
1445 0.0012
1446 0.0012
1447 0.0012
1448 0.0012
1449 0.0012
1450 0.0012
1451 0.0012
1452 0.0012
1453 0.0012
1454 0.0012
1455 0.0012
1456 0.0012
1457 0.0012
1458 0.0012
1459 0.0012
1460 0.0012
1461 0.0012
1462 0.0012
1463 0.0012
1464 0.0012
1465 0.0012
1466 0.0012
1467 0.0012
1468 0.0012
1469 0.0012
1470 0.0012
1471 0.0012
1472 0.0012
1473 0.0012
1474 0.0012
1475 0.0012
1476 0.0012
1477 0.0012
1478 0.0012
1479 0.0012
1480 0.0012
1481 0.0012
1482 0.0012
1483 0.0012
1484 0.0012
1485 0.0012
1486 0.0012
1487 0.0012
1488 0.0012
1489 0.0012
1490 0.0012
1491 0.0012
1492 0.0012
1493 0.0012
1494 0.0012
1495 0.0012
1496 0.0012
1497 0.0012
1498 0.0012
1499 0.0012
1500 0.0012
1501 0.0012
1502 0.0012
1503 0.0012
1504 0.0012
1505 0.0012
1506 0.0012
1507 0.0012
1508 0.0012
1509 0.0012
1510 0.0012
1511 0.0012
1512 0.0012
1513 0.0012
1514 0.0012
1515 0.0012
1516 0.0012
1517 0.0012
1518 0.0012
1519 0.0012
1520 0.0012
1521 0.0012
1522 0.0012
1523 0.0012
1524 0.0012
1525 0.0012
1526 0.0012
1527 0.0012
1528 0.0012
1529 0.0012
1530 0.0012
1531 0.0012
1532 0.0012
1533 0.0012
1534 0.0012
1535 0.0012
1536 0.0012
1537 0.0012
1538 0.0012
1539 0.0012
1540 0.0012
1541 0.0012
1542 0.0012
1543 0.0012
1544 0.0012
1545 0.0012
1546 0.0012
1547 0.0012
1548 0.0012
1549 0.0012
1550 0.0012
1551 0.0012
1552 0.0012
1553 0.0012
1554 0.0012
1555 0.0012
1556 0.0012
1557 0.0012
1558 0.0012
1559 0.0012
1560 0.0012
1561 0.0012
1562 0.0012
1563 0.0012
1564 0.0012
1565 0.0012
1566 0.0012
1567 0.0012
1568 0.0012
1569 0.0012
1570 0.0012
1571 0.0012
1572 0.0012
1573 0.0012
1574 0.0012
1575 0.0012
1576 0.0012
1577 0.0012
1578 0.0012
1579 0.0012
1580 0.0012
1581 0.0012
1582 0.0012
1583 0.0012
1584 0.0012
1585 0.0012
1586 0.0012
1587 0.0012
1588 0.0012
1589 0.0012
1590 0.0012
1591 0.0012
1592 0.0012
1593 0.0012
1594 0.0012
1595 0.0012
1596 0.0012
1597 0.0012
1598 0.0012
1599 0.0012
1600 0.0012
1601 0.0012
1602 0.0012
1603 0.0012
1604 0.0012
1605 0.0012
1606 0.0012
1607 0.0012
1608 0.0012
1609 0.0012
1610 0.0012
1611 0.0012
1612 0.0012
1613 0.0012
1614 0.0012
1615 0.0012
1616 0.0012
1617 0.0012
1618 0.0012
1619 0.0012
1620 0.0012
1621 0.0012
1622 0.0012
1623 0.0012
1624 0.0012
1625 0.0012
1626 0.0012
1627 0.0012
1628 0.0012
1629 0.0012
1630 0.0012
1631 0.0012
1632 0.0012
1633 0.0012
1634 0.0012
1635 0.0012
1636 0.0012
1637 0.0012
1638 0.0012
1639 0.0012
1640 0.0012
1641 0.0012
1642 0.0012
1643 0.0012
1644 0.0012
1645 0.0012
1646 0.0012
1647 0.0012
1648 0.0012
1649 0.0012
1650 0.0012
1651 0.0012
1652 0.0012
1653 0.0012
1654 0.0012
1655 0.0012
1656 0.0012
1657 0.0012
1658 0.0012
1659 0.0012
1660 0.0012
1661 0.0012
1662 0.0012
1663 0.0012
1664 0.0012
1665 0.0012
1666 0.0012
1667 0.0012
1668 0.0012
1669 0.0012
1670 0.0012
1671 0.0012
1672 0.0012
1673 0.0012
1674 0.0012
1675 0.0012
1676 0.0012
1677 0.0012
1678 0.0012
1679 0.0012
1680 0.0012
1681 0.0012
1682 0.0012
1683 0.0012
1684 0.0012
1685 0.0012
1686 0.0012
1687 0.0012
1688 0.0012
1689 0.0012
1690 0.0012
1691 0.0012
1692 0.0012
1693 0.0012
1694 0.0012
1695 0.0012
1696 0.0012
1697 0.0012
1698 0.0012
1699 0.0012
1700 0.0012
1701 0.0012
1702 0.0012
1703 0.0012
1704 0.0012
1705 0.0012
1706 0.0012
1707 0.0012
1708 0.0012
1709 0.0012
1710 0.0012
1711 0.0012
1712 0.0012
1713 0.0012
1714 0.0012
1715 0.0012
1716 0.0012
1717 0.0012
1718 0.0012
1719 0.0012
1720 0.0012
1721 0.0012
1722 0.0012
1723 0.0012
1724 0.0012
1725 0.0012
1726 0.0012
1727 0.0012
1728 0.0012
1729 0.0012
1730 0.0012
1731 0.0012
1732 0.0012
1733 0.0012
1734 0.0012
1735 0.0012
1736 0.0012
1737 0.0012
1738 0.0012
1739 0.0012
1740 0.0012
1741 0.0012
1742 0.0012
1743 0.0012
1744 0.0012
1745 0.0012
1746 0.0012
1747 0.0012
1748 0.0012
1749 0.0012
1750 0.0012
1751 0.0012
1752 0.0012
1753 0.0012
1754 0.0012
1755 0.0012
1756 0.0012
1757 0.0012
1758 0.0012
1759 0.0012
1760 0.0012
1761 0.0012
1762 0.0012
1763 0.0012
1764 0.0012
1765 0.0012
1766 0.0012
1767 0.0012
1768 0.0012
1769 0.0012
1770 0.0012
1771 0.0012
1772 0.0012
1773 0.0012
1774 0.0012
1775 0.0012
1776 0.0012
1777 0.0012
1778 0.0012
1779 0.0012
1780 0.0012
1781 0.0012
1782 0.0012
1783 0.0012
1784 0.0012
1785 0.0012
1786 0.0012
1787 0.0012
1788 0.0012
1789 0.0012
1790 0.0012
1791 0.0012
1792 0.0012
1793 0.0012
1794 0.0012
1795 0.0012
1796 0.0012
1797 0.0012
1798 0.0012
1799 0.0012
1800 0.0012
1801 0.0012
1802 0.0012
1803 0.0012
1804 0.0012
1805 0.0012
1806 0.0012
1807 0.0012
1808 0.0012
1809 0.0012
1810 0.0012
1811 0.0012
1812 0.0012
1813 0.0012
1814 0.0012
1815 0.0012
1816 0.0012
1817 0.0012
1818 0.0012
1819 0.0012
1820 0.0012
1821 0.0012
1822 0.0012
1823 0.0012
1824 0.0012
1825 0.0012
1826 0.0012
1827 0.0012
1828 0.0012
1829 0.0012
1830 0.0012
1831 0.0012
1832 0.0012
1833 0.0012
1834 0.0012
1835 0.0012
1836 0.0012
1837 0.0012
1838 0.0012
1839 0.0012
1840 0.0012
1841 0.0012
1842 0.0012
1843 0.0012
1844 0.0012
1845 0.0012
1846 0.0012
1847 0.0012
1848 0.0012
1849 0.0012
1850 0.0012
1851 0.0012
1852 0.0012
1853 0.0012
1854 0.0012
1855 0.0012
1856 0.0012
1857 0.0012
1858 0.0012
1859 0.0012
1860 0.0012
1861 0.0012
1862 0.0012
1863 0.0012
1864 0.0012
1865 0.0012
1866 0.0012
1867 0.0012
1868 0.0012
1869 0.0012
1870 0.0012
1871 0.0012
1872 0.0012
1873 0.0012
1874 0.0012
1875 0.0012
1876 0.0012
1877 0.0012
1878 0.0012
1879 0.0012
1880 0.0012
1881 0.0012
1882 0.0012
1883 0.0012
1884 0.0012
1885 0.0012
1886 0.0012
1887 0.0012
1888 0.0012
1889 0.0012
1890 0.0012
1891 0.0012
1892 0.0012
1893 0.0012
1894 0.0012
1895 0.0012
1896 0.0012
1897 0.0012
1898 0.0012
1899 0.0012
1900 0.0012
1901 0.0012
1902 0.0012
1903 0.0012
1904 0.0012
1905 0.0012
1906 0.0012
1907 0.0012
1908 0.0012
1909 0.0012
1910 0.0012
1911 0.0012
1912 0.0012
1913 0.0012
1914 0.0012
1915 0.0012
1916 0.0012
1917 0.0012
1918 0.0012
1919 0.0012
1920 0.0012
1921 0.0012
1922 0.0012
1923 0.0012
1924 0.0012
1925 0.0012
1926 0.0012
1927 0.0012
1928 0.0012
1929 0.0012
1930 0.0012
1931 0.0012
1932 0.0012
1933 0.0012
1934 0.0012
1935 0.0012
1936 0.0012
1937 0.0012
1938 0.0012
1939 0.0012
1940 0.0012
1941 0.0012
1942 0.0012
1943 0.0012
1944 0.0012
1945 0.0012
1946 0.0012
1947 0.0012
1948 0.0012
1949 0.0012
1950 0.0012
1951 0.0012
1952 0.0012
1953 0.0012
1954 0.0012
1955 0.0012
1956 0.0012
1957 0.0012
1958 0.0012
1959 0.0012
1960 0.0012
1961 0.0012
1962 0.0012
1963 0.0012
1964 0.0012
1965 0.0012
1966 0.0012
1967 0.0012
1968 0.0012
1969 0.0012
1970 0.0012
1971 0.0012
1972 0.0012
1973 0.0012
1974 0.0012
1975 0.0012
1976 0.0012
1977 0.0012
1978 0.0012
1979 0.0012
1980 0.0012
1981 0.0012
1982 0.0012
1983 0.0012
1984 0.0012
1985 0.0012
1986 0.0012
1987 0.0012
1988 0.0012
1989 0.0012
1990 0.0012
1991 0.0012
1992 0.0012
1993 0.0012
1994 0.0012
1995 0.0012
1996 0.0012
1997 0.0012
1998 0.0012
1999 0.0012
===============================================
================== Validation ==================
validation_valid           = 4
validation_fast_median     = 0.001025
validation_exact_median    = 0.0011
validation_mean_abs_diff   = 0.0001625
validation_fast_seconds    = 0.002565167
validation_exact_seconds   = 232.4654494
===============================================
note: sensitivity uses a fixed calibrated FC belt built at the
      nominal N_sig=0 profile-fit background point, and validation
      compares it against the slower nested toy construction.
