==================== Input ====================
datafile                   = data/finaldata/step4f_run1to20_eg_doubleonly_allpatterns_500ns.txt
events_used                = 18
skipped_non5               = 0
skipped_outside_win        = 1560
N_mu_eff_nom               = 1708.778834
N_mu_eff_sigma             = 25.89154932
br_scan_points             = 101
n_calib_toys               = 150
n_sens_toys                = 5000
seed                       = 246813579
n_validation_toys          = 0
n_validation_inner         = 0
===============================================
==================== Fits =====================
data_free_status           = 0
data_free_nll             = 271.8102312
data_free_N_sig_hat       = 1.057778487e-08
data_free_N_rmd_hat       = 1.657337196
data_free_N_acc_hat       = 15.32538077
data_bg0_status            = 0
data_bg0_nll              = 271.8102311
data_bg0_N_sig_fixed      = 0
data_bg0_N_rmd_hat        = 1.657664819
data_bg0_N_acc_hat        = 15.32459549
===============================================
================== Calibration =================
# BR  N_sig_nom  n_valid  q50  q90  q95
0 0 150 0 0 0
2e-05 0.03417557668 150 0.06835094549 0.06835114943 0.06835115379
4e-05 0.06835115335 150 0.1367021247 1.551834115 3.308788524
6e-05 0.10252673 150 0.205053271 0.2050534703 2.730865755
8e-05 0.1367023067 150 0.2734044943 2.182717071 2.246961139
0.0001 0.1708778834 150 0.3417556544 1.848813151 1.872682864
0.00012 0.2050534601 150 0.4101067958 1.56309545 1.578545278
0.00014 0.2392290367 150 0.4784580544 1.300854146 1.338914912
0.00016 0.2734046134 150 0.5468091651 1.137690164 1.140412608
0.00018 0.3075801901 150 0.6151604356 0.9729898552 1.610056502
0.0002 0.3417557668 150 0.6835114865 0.8323069356 3.606243839
0.00022 0.3759313435 150 0.7518614406 0.751862825 0.7518628278
0.00024 0.4101069201 150 0.8202131201 0.8202140077 2.390092934
0.00026 0.4442824968 150 0.8885645739 0.8885651906 2.635574257
0.00028 0.4784580735 150 0.9569149668 2.190328235 2.650236378
0.0003 0.5126336502 150 1.025266923 1.025267563 2.442798964
0.00032 0.5468092268 150 1.093617228 1.971237148 2.270846121
0.00034 0.5809848035 150 1.161969295 1.952879521 2.097986642
0.00036 0.6151603802 150 1.230319411 1.933470417 1.946394834
0.00038 0.6493359569 150 1.298671528 1.793989257 1.873367843
0.0004 0.6835115335 150 1.367013 1.65365454 4.169001011
0.00042 0.7176871102 150 1.435356084 1.523009315 1.572794709
0.00044 0.7518626869 150 1.498113081 1.503725938 3.702114852
0.00046 0.7860382636 150 1.569765644 1.57207713 1.572077144
0.00048 0.8202138403 150 1.37201792 1.640428347 2.596655524
0.0005 0.8543894169 150 1.083173495 1.708779515 3.039873276
0.00052 0.8885649936 150 1.015459467 1.777130772 2.973868645
0.00054 0.9227405703 150 0.9376850303 1.845481987 2.875791623
0.00056 0.956916147 150 1.379492791 2.66083175 2.764444091
0.00058 0.9910917236 150 0.7852677661 1.982184429 2.612974642
0.0006 1.0252673 150 0.7095908862 2.077898391 2.477455073
0.00062 1.059442877 150 0.6574042911 2.118886862 2.225275781
0.00064 1.093618454 150 0.5845798132 2.187238102 2.241951612
0.00066 1.12779403 150 0.5422557887 2.255589313 2.255589332
0.00068 1.161969607 150 0.4909801375 2.323940444 2.323940561
0.0007 1.196145184 150 0.4452685982 2.392291767 2.392291798
0.00072 1.23032076 150 0.4040768095 2.46064298 3.825151432
0.00074 1.264496337 150 0.3611621389 2.528994247 2.996440112
0.00076 1.298671914 150 0.3188175611 2.597345486 2.597345511
0.00078 1.33284749 150 0.2887911626 2.665696628 2.665696756
0.0008 1.367023067 150 0.3052576986 2.73404798 3.249663493
0.00082 1.401198644 150 0.2255695298 2.826111625 3.17746234
0.00084 1.43537422 150 0.1975430775 2.870750495 3.002409761
0.00086 1.469549797 150 0.1764366542 2.939101601 2.939101741
0.00088 1.503725374 150 0.1969278834 3.00745268 3.007452944
0.0009 1.53790095 150 0.6137034409 3.075804168 3.07580426
0.00092 1.572076527 150 0.2808433738 3.144155427 3.144155517
0.00094 1.606252104 150 0.2719761367 3.212506539 3.212506714
0.00096 1.640427681 150 0.3167103469 3.280857946 3.280858047
0.00098 1.674603257 150 0.3539398878 3.349208897 3.349209239
0.001 1.708778834 150 0.3606644792 3.417560462 3.417560567
0.00102 1.742954411 150 0.379633254 3.485911048 3.485911847
0.00104 1.777129987 150 0.4134922143 3.554263062 3.554263126
0.00106 1.811305564 150 0.4491642136 3.622614298 3.622614404
0.00108 1.845481141 150 0.4885942564 3.690965512 3.69096563
0.0011 1.879656717 150 0.5105460706 3.718080437 3.759316627
0.00112 1.913832294 150 0.5295988086 3.827666862 3.827668178
0.00114 1.948007871 150 0.5624037242 3.896017667 3.89601944
0.00116 1.982183447 150 0.5972256984 3.964282114 3.964370683
0.00118 2.016359024 150 0.5743507538 4.032720702 4.032722024
0.0012 2.050534601 150 0.6353181142 4.100970201 4.101073281
0.00122 2.084710177 150 0.7005348443 4.169424634 4.169424693
0.00124 2.118885754 150 0.7361421237 4.237773471 4.237775851
0.00126 2.153061331 150 0.7733783006 4.306126635 4.306127253
0.00128 2.187236907 150 0.8094135696 4.374477169 4.374478571
0.0013 2.221412484 150 0.8477406745 4.442829035 4.44282986
0.00132 2.255588061 150 0.8843613497 4.219016919 4.511180717
0.00134 2.289763637 150 0.9251261474 4.579526056 4.579532458
0.00136 2.323939214 150 0.9614253826 4.647883316 4.647883737
0.00138 2.358114791 150 0.1603095173 4.715909534 4.716234935
0.0014 2.392290367 150 0.8855682105 3.811204432 4.784586138
0.00142 2.426465944 150 0.1272830308 3.701038697 4.852937612
0.00144 2.460641521 150 0.7988131888 4.913213998 4.921288963
0.00146 2.494817097 150 0.407627403 1.934518085 3.551782738
0.00148 2.528992674 150 0.2350736269 1.83838934 5.057626142
0.0015 2.563168251 150 0.6164707375 3.195653553 5.121514069
0.00152 2.597343827 150 0.6451692104 5.070464052 5.194694056
0.00154 2.631519404 150 0.5960693432 3.848232668 5.263045663
0.00156 2.665694981 150 0.566090356 5.329170521 5.331396892
0.00158 2.699870558 150 0.5203122078 3.004379399 5.377449136
0.0016 2.734046134 150 0.4874994701 2.816365175 5.337383623
0.00162 2.768221711 150 0.4462744985 1.554195774 4.513861961
0.00164 2.802397288 150 0.4487778997 2.715141405 5.065681324
0.00166 2.836572864 150 0.4151299255 4.214190718 5.673153759
0.00168 2.870748441 150 0.3910971132 1.896481883 5.05396764
0.0017 2.904924018 150 0.3449150861 2.164266724 3.384384765
0.00172 2.939099594 150 0.3417135403 2.424530226 4.512887412
0.00174 2.973275171 150 0.3635488119 2.186893779 5.764345676
0.00176 3.007450748 150 0.3917549867 2.292627153 5.959348987
0.00178 3.041626324 150 0.4079233559 2.25792 5.584649037
0.0018 3.075801901 150 0.4339510241 2.14563651 3.615498269
0.00182 3.109977478 150 0.4582969845 2.093017585 3.48204838
0.00184 3.144153054 150 0.4787224348 2.038353846 3.144752329
0.00186 3.178328631 150 0.5077675453 3.400888092 6.342853419
0.00188 3.212504208 150 0.5336604461 3.248980174 4.869244688
0.0019 3.246679784 150 0.5586260472 3.205709202 6.492698589
0.00192 3.280855361 150 0.5880455872 2.185720989 3.142854239
0.00194 3.315030938 150 0.6154238947 2.321499911 3.201630814
0.00196 3.349206514 150 0.6396379726 3.091244674 4.623644129
0.00198 3.383382091 150 0.6596770485 2.33306463 2.92512008
0.002 3.417557668 150 0.5829763685 2.37993604 3.472026793
calibration_seconds        = 594.8492541
===============================================
=================== Observed ===================
observed_fast_ok           = 1
observed_fast_BR90         = 0.00066
observed_fast_Nsig90_nom   = 1.12779403
# BR  q_obs  p_value  accepted
0 0 1 1
2e-05 0.06835109109 0.3333333333 1
4e-05 0.1367022479 0.3666666667 1
6e-05 0.2050534071 0.3333333333 1
8e-05 0.2734045687 0.42 1
0.0001 0.3417557325 0.4533333333 1
0.00012 0.4101068987 0.44 1
0.00014 0.4784580673 0.4933333333 1
0.00016 0.5468092382 0.42 1
0.00018 0.6151604114 0.5466666667 1
0.0002 0.6835115869 0.4 1
0.00022 0.7518627648 0.2266666667 1
0.00024 0.820213945 0.2666666667 1
0.00026 0.8885651276 0.26 1
0.00028 0.9569163125 0.2666666667 1
0.0003 1.0252675 0.3266666667 1
0.00032 1.093618689 0.2466666667 1
0.00034 1.161969881 0.2866666667 1
0.00036 1.230321075 0.32 1
0.00038 1.298672272 0.32 1
0.0004 1.367023471 0.28 1
0.00042 1.435374672 0.2466666667 1
0.00044 1.503725876 0.1866666667 1
0.00046 1.572077082 0.16 1
0.00048 1.64042829 0.2 1
0.0005 1.7087795 0.1066666667 1
0.00052 1.777130713 0.1866666667 1
0.00054 1.845481929 0.1466666667 1
0.00056 1.913833146 0.1933333333 1
0.00058 1.982184366 0.2 1
0.0006 2.050535588 0.14 1
0.00062 2.118886813 0.1533333333 1
0.00064 2.18723804 0.1266666667 1
0.00066 2.255589269 0.14 1
0.00068 2.323940501 0.09333333333 0
0.0007 2.392291735 0.1333333333 0
0.00072 2.460642971 0.1066666667 0
0.00074 2.52899421 0.1266666667 0
0.00076 2.597345451 0.1333333333 0
0.00078 2.665696694 0.08666666667 0
0.0008 2.73404794 0.12 0
0.00082 2.802399187 0.14 0
0.00084 2.870750438 0.1333333333 0
0.00086 2.93910169 0.08 0
0.00088 3.007452945 0.05333333333 0
0.0009 3.075804203 0.08666666667 0
0.00092 3.144155462 0.07333333333 0
0.00094 3.212506724 0.05333333333 0
0.00096 3.280857989 0.07333333333 0
0.00098 3.349209255 0.04666666667 0
0.001 3.417560524 0.08666666667 0
0.00102 3.485911796 0.07333333333 0
0.00104 3.554263069 0.08 0
0.00106 3.622614345 0.1 0
0.00108 3.690965624 0.05333333333 0
0.0011 3.759316904 0.03333333333 0
0.00112 3.827668187 0.04666666667 0
0.00114 3.896019473 0.03333333333 0
0.00116 3.96437076 0.05333333333 0
0.00118 4.03272205 0.04666666667 0
0.0012 4.101073343 0.04666666667 0
0.00122 4.169424637 0.1 0
0.00124 4.237775934 0.04666666667 0
0.00126 4.306127234 0.06666666667 0
0.00128 4.374478535 0.06 0
0.0013 4.442829839 0.06666666667 0
0.00132 4.511181146 0.02666666667 0
0.00134 4.579532454 0.05333333333 0
0.00136 4.647883765 0.04666666667 0
0.00138 4.716235079 0.04666666667 0
0.0014 4.784586394 0.02666666667 0
0.00142 4.852937712 0.04 0
0.00144 4.921289033 0.04 0
0.00146 4.989640356 0.006666666667 0
0.00148 5.057991681 0.006666666667 0
0.0015 5.126343008 0.02 0
0.00152 5.194694338 0.04 0
0.00154 5.26304567 0.05333333333 0
0.00156 5.331397004 0.03333333333 0
0.00158 5.399748341 0.02666666667 0
0.0016 5.46809968 0.02 0
0.00162 5.536451021 0.006666666667 0
0.00164 5.604802365 0.02 0
0.00166 5.673153711 0.06 0
0.00168 5.74150506 0.02 0
0.0017 5.80985641 0.006666666667 0
0.00172 5.878207763 0.01333333333 0
0.00174 5.946559119 0.02 0
0.00176 6.014910477 0.02666666667 0
0.00178 6.083261837 0.006666666667 0
0.0018 6.151613199 0.01333333333 0
0.00182 6.219964564 0 0
0.00184 6.288315931 0 0
0.00186 6.3566673 0.02 0
0.00188 6.425018672 0.01333333333 0
0.0019 6.493370046 0.02666666667 0
0.00192 6.561721423 0.01333333333 0
0.00194 6.630072801 0.006666666667 0
0.00196 6.698424183 0 0
0.00198 6.766775566 0 0
0.002 6.835126952 0 0
===============================================
================= Sensitivity ==================
sensitivity_valid_toys     = 5000
sensitivity_BR50           = 0.001
sensitivity_Nsig50_nom     = 1.708778834
sensitivity_BR16           = 0.00044
sensitivity_BR84           = 0.00108
sensitivity_BR05           = 0
sensitivity_BR95           = 0.0013
sensitivity_seconds_total  = 15.94107558
===============================================
=============== Sensitivity Toys ==============
# toy_index  BR90
0 0
1 0
2 0
3 0
4 0
5 0
6 0
7 0
8 0
9 0
10 0
11 0
12 0
13 0
14 0
15 0
16 0
17 0
18 0
19 0
20 0
21 0
22 0
23 0
24 0
25 0
26 0
27 0
28 0
29 0
30 0
31 0
32 0
33 0
34 0
35 0
36 0
37 0
38 0
39 0
40 0
41 0
42 0
43 0
44 0
45 0
46 0
47 0
48 0
49 0
50 0
51 0
52 0
53 0
54 0
55 0
56 0
57 0
58 0
59 0
60 0
61 0
62 0
63 0
64 0
65 0
66 0
67 0
68 0
69 0
70 0
71 0
72 0
73 0
74 0
75 0
76 0
77 0
78 0
79 0
80 0
81 0
82 0
83 0
84 0
85 0
86 0
87 0
88 0
89 0
90 0
91 0
92 0
93 0
94 0
95 0
96 0
97 0
98 0
99 0
100 0
101 0
102 0
103 0
104 0
105 0
106 0
107 0
108 0
109 0
110 0
111 0
112 0
113 0
114 0
115 0
116 0
117 0
118 0
119 0
120 0
121 0
122 0
123 0
124 0
125 0
126 0
127 0
128 0
129 0
130 0
131 0
132 0
133 0
134 0
135 0
136 0
137 0
138 0
139 0
140 0
141 0
142 0
143 0
144 0
145 0
146 0
147 0
148 0
149 0
150 0
151 0
152 0
153 0
154 0
155 0
156 0
157 0
158 0
159 0
160 0
161 0
162 0
163 0
164 0
165 0
166 0
167 0
168 0
169 0
170 0
171 0
172 0
173 0
174 0
175 0
176 0
177 0
178 0
179 0
180 0
181 0
182 0
183 0
184 0
185 0
186 0
187 0
188 0
189 0
190 0
191 0
192 0
193 0
194 0
195 0
196 0
197 0
198 0
199 0
200 0
201 0
202 0
203 0
204 0
205 0
206 0
207 0
208 0
209 0
210 0
211 0
212 0
213 0
214 0
215 0
216 0
217 0
218 0
219 0
220 0
221 0
222 0
223 0
224 0
225 0
226 0
227 0
228 0
229 0
230 0
231 0
232 0
233 0
234 0
235 0
236 0
237 0
238 0
239 0
240 0
241 0
242 0
243 0
244 0
245 0
246 0
247 0
248 0
249 0
250 0
251 0
252 0
253 0
254 0
255 0
256 0
257 0
258 0
259 0
260 0
261 0
262 0
263 0
264 0
265 0
266 0
267 0
268 0
269 0
270 0
271 0
272 0
273 0
274 0
275 0
276 0
277 0
278 0
279 0
280 0
281 0
282 0
283 0
284 0
285 0
286 0
287 0
288 0
289 0
290 0
291 0
292 0
293 0
294 0
295 0
296 0
297 0
298 0
299 0
300 0
301 0
302 0
303 0
304 0
305 0
306 0
307 0
308 0
309 0
310 0
311 0
312 0
313 0
314 0
315 0
316 0
317 0
318 0
319 0
320 0
321 0
322 0
323 0
324 0
325 0
326 0
327 0
328 0
329 0
330 0
331 0
332 0
333 0
334 0
335 0
336 0
337 0
338 0
339 0
340 0
341 0
342 0
343 0
344 0
345 0
346 0
347 0
348 0
349 0
350 0
351 0
352 0
353 0
354 0
355 0
356 0
357 0
358 0
359 0
360 0
361 0
362 0
363 0
364 0
365 0
366 0
367 0
368 0
369 0
370 0
371 0
372 0
373 0
374 0
375 0
376 0
377 0
378 0
379 0
380 0
381 0
382 0
383 0
384 0
385 0
386 0
387 0
388 0
389 0
390 0
391 0
392 0
393 0
394 0
395 0
396 0
397 0
398 0
399 0
400 0
401 0
402 0
403 0
404 0
405 0
406 0
407 0
408 0
409 0
410 0
411 0
412 0
413 0
414 0
415 0
416 0
417 0
418 0
419 0
420 0
421 0
422 0
423 0
424 0
425 0
426 0
427 0
428 0
429 0
430 0
431 0
432 0
433 0
434 0
435 0
436 0
437 0
438 0
439 0
440 0
441 0
442 0
443 0
444 0
445 0
446 0
447 0
448 0
449 0
450 0
451 0
452 0
453 0
454 0
455 0
456 0
457 0
458 0
459 0
460 0
461 0
462 0
463 0
464 0
465 0
466 0
467 0
468 0
469 0
470 0
471 0
472 0
473 0
474 0
475 0
476 0
477 0
478 0
479 0
480 0
481 0
482 0
483 0
484 0
485 0
486 0
487 0
488 0
489 0
490 0
491 0
492 0
493 0
494 0
495 0
496 0
497 0
498 0
499 0
500 0
501 0
502 0
503 0
504 0
505 0
506 0
507 0
508 0
509 0
510 0
511 0
512 0
513 0
514 0
515 0
516 0
517 0
518 0
519 0
520 0
521 0
522 0
523 0
524 0
525 0
526 0
527 0
528 0
529 0
530 0
531 0
532 0
533 0
534 0
535 0
536 0
537 0
538 0
539 0
540 0
541 0
542 0
543 0
544 0
545 0
546 0
547 0
548 0
549 0
550 0
551 0
552 0
553 0
554 0
555 0
556 0
557 0
558 0
559 0
560 0
561 0
562 0
563 0
564 0
565 0
566 0
567 0
568 0
569 0
570 0
571 0
572 0
573 0
574 0
575 0
576 0
577 0
578 0
579 0
580 0
581 0
582 0
583 0
584 0
585 0
586 0
587 0
588 0
589 0
590 0
591 0
592 0
593 0
594 0
595 0
596 0
597 0
598 0
599 0
600 0
601 0
602 0
603 0
604 0
605 0
606 0
607 0
608 0
609 0
610 0
611 0
612 0
613 0
614 0
615 0
616 0
617 0
618 0
619 0
620 0
621 0
622 0
623 0
624 0
625 0
626 0
627 0
628 0
629 0
630 0
631 0
632 0
633 0
634 0
635 0
636 0
637 0
638 0
639 0
640 0
641 0
642 0
643 0
644 0
645 0
646 0
647 0
648 0
649 0
650 2e-05
651 2e-05
652 2e-05
653 2e-05
654 2e-05
655 2e-05
656 2e-05
657 2e-05
658 2e-05
659 2e-05
660 2e-05
661 2e-05
662 2e-05
663 2e-05
664 2e-05
665 2e-05
666 2e-05
667 2e-05
668 2e-05
669 2e-05
670 2e-05
671 2e-05
672 2e-05
673 2e-05
674 2e-05
675 2e-05
676 2e-05
677 2e-05
678 2e-05
679 2e-05
680 2e-05
681 2e-05
682 4e-05
683 4e-05
684 4e-05
685 4e-05
686 6e-05
687 6e-05
688 6e-05
689 8e-05
690 8e-05
691 0.00012
692 0.00014
693 0.00016
694 0.00016
695 0.00022
696 0.00024
697 0.00026
698 0.00042
699 0.00042
700 0.00044
701 0.00044
702 0.00044
703 0.00044
704 0.00044
705 0.00044
706 0.00044
707 0.00044
708 0.00044
709 0.00044
710 0.00044
711 0.00044
712 0.00044
713 0.00044
714 0.00044
715 0.00044
716 0.00044
717 0.00044
718 0.00044
719 0.00044
720 0.00044
721 0.00044
722 0.00044
723 0.00044
724 0.00044
725 0.00044
726 0.00044
727 0.00044
728 0.00044
729 0.00044
730 0.00044
731 0.00044
732 0.00044
733 0.00044
734 0.00044
735 0.00044
736 0.00044
737 0.00044
738 0.00044
739 0.00044
740 0.00044
741 0.00044
742 0.00044
743 0.00044
744 0.00044
745 0.00044
746 0.00044
747 0.00044
748 0.00044
749 0.00044
750 0.00044
751 0.00044
752 0.00044
753 0.00044
754 0.00044
755 0.00044
756 0.00044
757 0.00044
758 0.00044
759 0.00044
760 0.00044
761 0.00044
762 0.00044
763 0.00044
764 0.00044
765 0.00044
766 0.00044
767 0.00044
768 0.00044
769 0.00044
770 0.00044
771 0.00044
772 0.00044
773 0.00044
774 0.00044
775 0.00044
776 0.00044
777 0.00044
778 0.00044
779 0.00044
780 0.00044
781 0.00044
782 0.00044
783 0.00044
784 0.00044
785 0.00044
786 0.00044
787 0.00044
788 0.00044
789 0.00044
790 0.00044
791 0.00044
792 0.00044
793 0.00044
794 0.00044
795 0.00044
796 0.00044
797 0.00044
798 0.00044
799 0.00044
800 0.00044
801 0.00044
802 0.00044
803 0.00044
804 0.00044
805 0.00044
806 0.00044
807 0.00044
808 0.00044
809 0.00044
810 0.00044
811 0.00044
812 0.00044
813 0.00044
814 0.00044
815 0.00044
816 0.00044
817 0.00044
818 0.00044
819 0.00044
820 0.00044
821 0.00044
822 0.00044
823 0.00044
824 0.00044
825 0.00044
826 0.00044
827 0.00044
828 0.00044
829 0.00044
830 0.00044
831 0.00044
832 0.00044
833 0.00044
834 0.00044
835 0.00044
836 0.00044
837 0.00044
838 0.00044
839 0.00044
840 0.00044
841 0.00044
842 0.00044
843 0.00044
844 0.00044
845 0.00044
846 0.00044
847 0.00044
848 0.00044
849 0.00044
850 0.00044
851 0.00044
852 0.00044
853 0.00044
854 0.00044
855 0.00044
856 0.00044
857 0.00044
858 0.00044
859 0.00044
860 0.00044
861 0.00044
862 0.00044
863 0.00044
864 0.00044
865 0.00044
866 0.00044
867 0.00044
868 0.00044
869 0.00044
870 0.00044
871 0.00044
872 0.00044
873 0.00044
874 0.00044
875 0.00044
876 0.00044
877 0.00044
878 0.00044
879 0.00044
880 0.00044
881 0.00044
882 0.00044
883 0.00044
884 0.00044
885 0.00044
886 0.00044
887 0.00044
888 0.00044
889 0.00044
890 0.00044
891 0.00044
892 0.00044
893 0.00044
894 0.00044
895 0.00044
896 0.00044
897 0.00044
898 0.00044
899 0.00044
900 0.00044
901 0.00044
902 0.00044
903 0.00044
904 0.00044
905 0.00044
906 0.00044
907 0.00044
908 0.00044
909 0.00044
910 0.00044
911 0.00044
912 0.00044
913 0.00044
914 0.00044
915 0.00044
916 0.00044
917 0.00044
918 0.00044
919 0.00044
920 0.00044
921 0.00044
922 0.00044
923 0.00044
924 0.00044
925 0.00044
926 0.00044
927 0.00044
928 0.00044
929 0.00044
930 0.00044
931 0.00044
932 0.00044
933 0.00044
934 0.00044
935 0.00044
936 0.00044
937 0.00044
938 0.00044
939 0.00044
940 0.00044
941 0.00044
942 0.00044
943 0.00044
944 0.00044
945 0.00044
946 0.00044
947 0.00044
948 0.00044
949 0.00044
950 0.00044
951 0.00044
952 0.00044
953 0.00044
954 0.00044
955 0.00044
956 0.00044
957 0.00044
958 0.00044
959 0.00044
960 0.00044
961 0.00044
962 0.00044
963 0.00044
964 0.00044
965 0.00044
966 0.00044
967 0.00044
968 0.00044
969 0.00044
970 0.00048
971 0.00048
972 0.00048
973 0.00048
974 0.00048
975 0.00048
976 0.00048
977 0.00048
978 0.00048
979 0.00048
980 0.00048
981 0.00048
982 0.00048
983 0.00048
984 0.00048
985 0.00048
986 0.00048
987 0.00048
988 0.00048
989 0.00048
990 0.00048
991 0.00048
992 0.00048
993 0.00048
994 0.00048
995 0.00048
996 0.00048
997 0.00048
998 0.00048
999 0.00048
1000 0.00048
1001 0.00048
1002 0.00048
1003 0.00048
1004 0.00048
1005 0.00048
1006 0.00048
1007 0.00048
1008 0.00048
1009 0.00048
1010 0.00048
1011 0.00048
1012 0.00048
1013 0.00048
1014 0.00048
1015 0.00048
1016 0.00048
1017 0.00048
1018 0.00048
1019 0.00048
1020 0.00048
1021 0.00048
1022 0.00048
1023 0.00048
1024 0.00048
1025 0.00048
1026 0.00048
1027 0.00048
1028 0.00048
1029 0.00048
1030 0.00048
1031 0.00048
1032 0.00048
1033 0.00048
1034 0.00048
1035 0.00048
1036 0.00048
1037 0.00048
1038 0.00048
1039 0.00048
1040 0.00048
1041 0.00048
1042 0.00048
1043 0.00048
1044 0.00048
1045 0.00048
1046 0.00048
1047 0.00048
1048 0.00048
1049 0.00048
1050 0.00048
1051 0.00048
1052 0.00048
1053 0.00048
1054 0.00048
1055 0.00048
1056 0.00048
1057 0.00048
1058 0.00048
1059 0.00048
1060 0.00048
1061 0.00048
1062 0.00048
1063 0.00048
1064 0.00048
1065 0.00048
1066 0.00048
1067 0.00048
1068 0.00048
1069 0.00048
1070 0.00048
1071 0.00048
1072 0.00048
1073 0.00048
1074 0.00048
1075 0.00048
1076 0.00048
1077 0.00048
1078 0.00048
1079 0.00048
1080 0.00048
1081 0.00048
1082 0.00048
1083 0.00048
1084 0.00048
1085 0.00048
1086 0.00048
1087 0.00048
1088 0.00048
1089 0.00048
1090 0.00048
1091 0.00048
1092 0.00048
1093 0.00048
1094 0.00048
1095 0.00048
1096 0.00048
1097 0.00048
1098 0.00048
1099 0.00048
1100 0.00048
1101 0.00048
1102 0.00048
1103 0.00048
1104 0.00048
1105 0.00048
1106 0.00048
1107 0.00048
1108 0.00048
1109 0.00048
1110 0.00048
1111 0.00048
1112 0.00048
1113 0.00048
1114 0.00048
1115 0.00048
1116 0.00048
1117 0.00048
1118 0.00048
1119 0.00048
1120 0.00048
1121 0.00048
1122 0.00048
1123 0.00048
1124 0.00048
1125 0.00048
1126 0.00048
1127 0.00048
1128 0.00048
1129 0.00048
1130 0.00048
1131 0.00048
1132 0.00048
1133 0.00048
1134 0.00048
1135 0.00048
1136 0.00048
1137 0.00048
1138 0.00048
1139 0.00048
1140 0.00048
1141 0.00048
1142 0.00048
1143 0.00048
1144 0.00048
1145 0.00048
1146 0.00048
1147 0.00048
1148 0.00048
1149 0.00048
1150 0.00048
1151 0.00048
1152 0.00048
1153 0.00048
1154 0.00048
1155 0.00048
1156 0.00048
1157 0.00048
1158 0.00048
1159 0.00048
1160 0.00048
1161 0.00048
1162 0.00048
1163 0.00048
1164 0.00048
1165 0.00048
1166 0.00048
1167 0.00048
1168 0.00048
1169 0.00048
1170 0.00048
1171 0.00048
1172 0.00048
1173 0.00048
1174 0.00048
1175 0.00048
1176 0.00048
1177 0.00048
1178 0.00048
1179 0.00048
1180 0.00048
1181 0.00048
1182 0.00048
1183 0.00048
1184 0.00048
1185 0.00048
1186 0.00048
1187 0.00048
1188 0.00048
1189 0.00048
1190 0.00048
1191 0.00048
1192 0.00048
1193 0.00048
1194 0.00048
1195 0.00048
1196 0.00048
1197 0.00048
1198 0.00048
1199 0.00048
1200 0.00048
1201 0.00048
1202 0.00048
1203 0.00048
1204 0.00048
1205 0.00048
1206 0.00048
1207 0.00048
1208 0.00048
1209 0.00048
1210 0.00048
1211 0.00048
1212 0.00048
1213 0.00048
1214 0.00048
1215 0.00048
1216 0.00048
1217 0.00048
1218 0.00048
1219 0.00048
1220 0.00048
1221 0.00048
1222 0.00048
1223 0.00048
1224 0.00048
1225 0.00048
1226 0.00048
1227 0.00048
1228 0.00048
1229 0.00048
1230 0.00048
1231 0.00048
1232 0.00048
1233 0.00048
1234 0.00048
1235 0.00048
1236 0.00048
1237 0.00048
1238 0.00048
1239 0.00048
1240 0.00048
1241 0.00048
1242 0.00048
1243 0.00048
1244 0.00048
1245 0.00048
1246 0.00048
1247 0.00048
1248 0.00048
1249 0.00048
1250 0.00048
1251 0.00048
1252 0.00048
1253 0.00048
1254 0.00048
1255 0.00048
1256 0.00048
1257 0.00048
1258 0.00048
1259 0.00048
1260 0.00048
1261 0.00048
1262 0.00048
1263 0.00048
1264 0.00048
1265 0.00048
1266 0.00048
1267 0.00048
1268 0.00048
1269 0.00048
1270 0.00048
1271 0.00048
1272 0.00048
1273 0.00048
1274 0.00048
1275 0.00048
1276 0.00048
1277 0.00048
1278 0.00048
1279 0.00048
1280 0.00048
1281 0.00048
1282 0.00048
1283 0.00048
1284 0.00048
1285 0.00048
1286 0.00048
1287 0.00048
1288 0.00048
1289 0.00048
1290 0.00048
1291 0.00048
1292 0.00048
1293 0.00048
1294 0.00048
1295 0.00048
1296 0.00048
1297 0.00048
1298 0.00048
1299 0.00048
1300 0.00048
1301 0.00048
1302 0.00048
1303 0.00048
1304 0.00048
1305 0.00048
1306 0.00048
1307 0.00048
1308 0.00048
1309 0.00048
1310 0.00048
1311 0.00048
1312 0.00048
1313 0.00048
1314 0.00048
1315 0.00048
1316 0.00048
1317 0.00048
1318 0.00048
1319 0.00048
1320 0.00048
1321 0.00048
1322 0.00048
1323 0.00048
1324 0.00048
1325 0.00048
1326 0.00048
1327 0.00048
1328 0.00048
1329 0.00048
1330 0.00048
1331 0.00048
1332 0.00048
1333 0.00048
1334 0.00048
1335 0.00048
1336 0.00048
1337 0.00048
1338 0.00048
1339 0.00048
1340 0.00048
1341 0.00048
1342 0.00048
1343 0.00048
1344 0.00048
1345 0.00048
1346 0.00048
1347 0.00048
1348 0.00048
1349 0.00048
1350 0.00048
1351 0.00048
1352 0.00048
1353 0.00048
1354 0.00048
1355 0.00048
1356 0.00048
1357 0.00048
1358 0.00048
1359 0.00048
1360 0.00048
1361 0.00048
1362 0.00048
1363 0.00048
1364 0.00048
1365 0.00048
1366 0.00048
1367 0.00048
1368 0.00048
1369 0.00048
1370 0.00048
1371 0.00048
1372 0.00048
1373 0.00048
1374 0.00048
1375 0.00048
1376 0.00048
1377 0.00048
1378 0.00048
1379 0.00048
1380 0.00048
1381 0.00048
1382 0.00048
1383 0.00048
1384 0.00048
1385 0.00048
1386 0.00048
1387 0.00048
1388 0.00048
1389 0.00048
1390 0.00048
1391 0.00048
1392 0.00066
1393 0.00066
1394 0.00066
1395 0.00066
1396 0.00066
1397 0.00066
1398 0.00066
1399 0.00066
1400 0.00066
1401 0.00066
1402 0.00066
1403 0.00066
1404 0.00066
1405 0.00066
1406 0.00066
1407 0.00066
1408 0.00066
1409 0.00066
1410 0.00066
1411 0.00066
1412 0.00066
1413 0.00066
1414 0.00066
1415 0.00066
1416 0.00066
1417 0.00066
1418 0.00066
1419 0.00066
1420 0.00066
1421 0.00066
1422 0.00066
1423 0.00066
1424 0.00066
1425 0.00066
1426 0.00066
1427 0.00066
1428 0.00066
1429 0.00066
1430 0.00066
1431 0.00066
1432 0.00066
1433 0.00066
1434 0.00066
1435 0.00066
1436 0.00066
1437 0.00066
1438 0.00066
1439 0.00066
1440 0.00066
1441 0.00066
1442 0.00066
1443 0.00066
1444 0.00066
1445 0.00066
1446 0.00066
1447 0.00066
1448 0.00066
1449 0.00066
1450 0.00066
1451 0.00066
1452 0.00066
1453 0.00066
1454 0.00066
1455 0.00066
1456 0.00066
1457 0.00066
1458 0.00066
1459 0.00066
1460 0.00066
1461 0.00066
1462 0.00066
1463 0.00066
1464 0.00066
1465 0.00066
1466 0.00066
1467 0.00066
1468 0.00066
1469 0.00066
1470 0.00066
1471 0.00066
1472 0.00066
1473 0.00066
1474 0.00066
1475 0.00066
1476 0.00066
1477 0.00066
1478 0.00066
1479 0.00066
1480 0.00066
1481 0.00066
1482 0.00066
1483 0.00066
1484 0.00066
1485 0.00066
1486 0.00066
1487 0.00066
1488 0.00066
1489 0.00066
1490 0.00066
1491 0.00066
1492 0.00066
1493 0.00066
1494 0.00066
1495 0.00066
1496 0.00066
1497 0.00066
1498 0.00066
1499 0.00066
1500 0.00066
1501 0.00066
1502 0.00066
1503 0.00066
1504 0.00066
1505 0.00066
1506 0.00066
1507 0.00066
1508 0.00066
1509 0.00066
1510 0.00066
1511 0.00066
1512 0.00066
1513 0.00066
1514 0.00066
1515 0.00066
1516 0.00066
1517 0.00066
1518 0.00066
1519 0.00066
1520 0.00066
1521 0.00066
1522 0.00066
1523 0.00066
1524 0.00066
1525 0.00066
1526 0.00066
1527 0.00066
1528 0.00066
1529 0.00066
1530 0.00066
1531 0.00066
1532 0.00066
1533 0.00066
1534 0.00066
1535 0.00066
1536 0.00066
1537 0.00066
1538 0.00066
1539 0.00066
1540 0.00066
1541 0.00066
1542 0.00066
1543 0.00066
1544 0.00066
1545 0.00066
1546 0.00066
1547 0.00066
1548 0.00066
1549 0.00066
1550 0.00066
1551 0.00066
1552 0.00066
1553 0.00066
1554 0.00066
1555 0.00066
1556 0.00066
1557 0.00066
1558 0.00066
1559 0.00066
1560 0.00066
1561 0.00066
1562 0.00066
1563 0.00066
1564 0.00066
1565 0.00066
1566 0.00066
1567 0.00066
1568 0.00066
1569 0.00066
1570 0.00066
1571 0.00066
1572 0.00066
1573 0.00066
1574 0.00066
1575 0.00066
1576 0.00066
1577 0.00066
1578 0.00066
1579 0.00066
1580 0.00066
1581 0.00066
1582 0.00066
1583 0.00066
1584 0.00066
1585 0.00066
1586 0.00066
1587 0.00066
1588 0.00066
1589 0.00066
1590 0.00066
1591 0.00066
1592 0.00066
1593 0.00066
1594 0.00066
1595 0.00066
1596 0.00066
1597 0.00066
1598 0.00066
1599 0.00066
1600 0.00066
1601 0.00066
1602 0.00066
1603 0.00066
1604 0.00066
1605 0.00066
1606 0.00066
1607 0.00066
1608 0.00066
1609 0.00066
1610 0.00066
1611 0.00066
1612 0.00066
1613 0.00066
1614 0.00066
1615 0.00066
1616 0.00066
1617 0.00066
1618 0.00066
1619 0.00066
1620 0.00066
1621 0.00066
1622 0.00066
1623 0.00066
1624 0.00066
1625 0.00066
1626 0.00066
1627 0.00066
1628 0.00066
1629 0.00066
1630 0.00066
1631 0.00066
1632 0.00066
1633 0.00066
1634 0.00066
1635 0.00066
1636 0.00066
1637 0.00066
1638 0.00066
1639 0.00066
1640 0.00066
1641 0.00066
1642 0.00066
1643 0.00066
1644 0.00066
1645 0.00066
1646 0.00066
1647 0.00066
1648 0.00066
1649 0.00066
1650 0.00066
1651 0.00066
1652 0.00066
1653 0.00066
1654 0.00066
1655 0.00066
1656 0.00066
1657 0.00066
1658 0.00066
1659 0.00066
1660 0.00066
1661 0.00066
1662 0.00066
1663 0.00066
1664 0.00066
1665 0.00066
1666 0.00066
1667 0.00066
1668 0.00066
1669 0.00066
1670 0.00066
1671 0.00066
1672 0.00066
1673 0.00066
1674 0.00066
1675 0.00066
1676 0.00066
1677 0.00066
1678 0.00066
1679 0.00066
1680 0.00066
1681 0.00066
1682 0.00066
1683 0.00066
1684 0.00066
1685 0.00066
1686 0.00066
1687 0.00066
1688 0.00066
1689 0.00066
1690 0.00066
1691 0.00066
1692 0.00066
1693 0.00066
1694 0.00066
1695 0.00066
1696 0.00066
1697 0.00066
1698 0.00066
1699 0.00066
1700 0.00066
1701 0.00066
1702 0.00066
1703 0.00066
1704 0.00066
1705 0.00066
1706 0.00066
1707 0.00066
1708 0.00076
1709 0.00076
1710 0.00076
1711 0.00076
1712 0.00076
1713 0.00076
1714 0.00076
1715 0.00076
1716 0.00076
1717 0.00076
1718 0.00076
1719 0.00076
1720 0.00076
1721 0.00076
1722 0.00076
1723 0.00076
1724 0.00076
1725 0.00076
1726 0.00076
1727 0.00076
1728 0.00076
1729 0.00076
1730 0.00076
1731 0.00076
1732 0.00076
1733 0.00076
1734 0.00076
1735 0.00076
1736 0.00076
1737 0.00076
1738 0.00076
1739 0.00076
1740 0.00076
1741 0.00076
1742 0.00076
1743 0.00076
1744 0.00076
1745 0.00076
1746 0.00076
1747 0.00076
1748 0.00076
1749 0.00076
1750 0.00076
1751 0.00076
1752 0.00076
1753 0.00076
1754 0.00076
1755 0.00076
1756 0.00076
1757 0.00076
1758 0.00076
1759 0.00076
1760 0.00076
1761 0.00076
1762 0.00076
1763 0.00076
1764 0.00076
1765 0.00076
1766 0.00076
1767 0.00076
1768 0.00076
1769 0.00076
1770 0.00076
1771 0.00076
1772 0.00076
1773 0.00076
1774 0.00076
1775 0.00076
1776 0.00076
1777 0.00076
1778 0.00076
1779 0.00076
1780 0.00076
1781 0.00076
1782 0.00076
1783 0.00076
1784 0.00076
1785 0.00076
1786 0.00076
1787 0.00076
1788 0.00076
1789 0.00076
1790 0.00076
1791 0.00076
1792 0.00076
1793 0.00076
1794 0.00076
1795 0.00076
1796 0.00076
1797 0.00076
1798 0.00076
1799 0.00076
1800 0.00076
1801 0.00076
1802 0.00076
1803 0.00076
1804 0.00076
1805 0.00076
1806 0.00076
1807 0.00076
1808 0.00076
1809 0.00076
1810 0.00076
1811 0.00076
1812 0.00076
1813 0.00076
1814 0.00076
1815 0.00076
1816 0.00076
1817 0.00076
1818 0.00076
1819 0.00076
1820 0.00076
1821 0.00076
1822 0.00076
1823 0.00076
1824 0.00076
1825 0.00076
1826 0.00076
1827 0.00076
1828 0.00076
1829 0.00076
1830 0.00076
1831 0.00076
1832 0.00076
1833 0.00076
1834 0.00076
1835 0.00076
1836 0.00076
1837 0.00076
1838 0.00076
1839 0.00076
1840 0.00076
1841 0.00076
1842 0.00076
1843 0.00076
1844 0.00076
1845 0.00076
1846 0.00076
1847 0.00076
1848 0.00076
1849 0.00076
1850 0.00076
1851 0.00076
1852 0.00076
1853 0.00076
1854 0.00076
1855 0.00076
1856 0.00076
1857 0.00076
1858 0.00076
1859 0.00076
1860 0.00076
1861 0.00076
1862 0.00076
1863 0.00076
1864 0.00076
1865 0.00076
1866 0.00076
1867 0.00076
1868 0.00076
1869 0.00076
1870 0.00076
1871 0.00076
1872 0.00076
1873 0.00076
1874 0.00076
1875 0.00076
1876 0.00076
1877 0.00076
1878 0.00076
1879 0.00076
1880 0.00076
1881 0.00076
1882 0.00076
1883 0.00076
1884 0.00076
1885 0.00076
1886 0.00076
1887 0.00076
1888 0.00076
1889 0.00076
1890 0.00076
1891 0.00076
1892 0.00076
1893 0.00076
1894 0.00076
1895 0.00076
1896 0.00076
1897 0.00076
1898 0.00076
1899 0.00076
1900 0.00076
1901 0.00076
1902 0.00078
1903 0.00084
1904 0.00084
1905 0.00084
1906 0.00084
1907 0.00084
1908 0.00084
1909 0.00084
1910 0.00084
1911 0.00084
1912 0.00084
1913 0.00084
1914 0.00084
1915 0.00084
1916 0.00084
1917 0.00084
1918 0.00084
1919 0.00084
1920 0.00084
1921 0.00084
1922 0.00084
1923 0.00084
1924 0.00084
1925 0.00084
1926 0.00084
1927 0.00084
1928 0.00084
1929 0.00084
1930 0.00084
1931 0.00084
1932 0.00084
1933 0.00084
1934 0.00084
1935 0.00084
1936 0.00084
1937 0.00084
1938 0.00084
1939 0.00084
1940 0.00084
1941 0.00084
1942 0.00084
1943 0.00084
1944 0.00084
1945 0.00084
1946 0.00084
1947 0.00084
1948 0.00084
1949 0.00084
1950 0.00084
1951 0.00084
1952 0.00084
1953 0.00084
1954 0.00084
1955 0.00084
1956 0.00086
1957 0.00086
1958 0.00086
1959 0.00086
1960 0.00086
1961 0.00086
1962 0.00086
1963 0.00086
1964 0.00086
1965 0.00086
1966 0.00086
1967 0.00086
1968 0.00086
1969 0.00086
1970 0.00086
1971 0.00086
1972 0.00086
1973 0.00086
1974 0.00086
1975 0.00086
1976 0.00086
1977 0.00086
1978 0.00086
1979 0.00086
1980 0.00086
1981 0.00086
1982 0.00086
1983 0.00086
1984 0.00086
1985 0.00086
1986 0.00086
1987 0.00086
1988 0.00086
1989 0.00086
1990 0.00086
1991 0.00086
1992 0.00086
1993 0.00086
1994 0.00086
1995 0.00086
1996 0.00086
1997 0.00086
1998 0.00086
1999 0.00086
2000 0.00086
2001 0.00086
2002 0.00086
2003 0.00086
2004 0.00086
2005 0.00086
2006 0.00086
2007 0.00086
2008 0.00086
2009 0.00086
2010 0.00086
2011 0.00086
2012 0.00086
2013 0.00086
2014 0.00086
2015 0.00086
2016 0.00086
2017 0.00086
2018 0.00086
2019 0.00086
2020 0.00086
2021 0.00086
2022 0.00086
2023 0.00086
2024 0.00086
2025 0.00086
2026 0.00086
2027 0.00086
2028 0.00086
2029 0.00086
2030 0.00086
2031 0.00086
2032 0.00086
2033 0.00086
2034 0.00086
2035 0.00086
2036 0.00086
2037 0.00086
2038 0.00086
2039 0.00086
2040 0.00086
2041 0.00086
2042 0.00086
2043 0.00086
2044 0.00086
2045 0.00086
2046 0.00086
2047 0.00086
2048 0.00086
2049 0.00086
2050 0.00086
2051 0.00086
2052 0.00086
2053 0.00086
2054 0.00086
2055 0.00086
2056 0.00086
2057 0.00086
2058 0.00086
2059 0.00086
2060 0.00086
2061 0.00086
2062 0.00086
2063 0.00086
2064 0.00086
2065 0.00086
2066 0.00086
2067 0.00086
2068 0.00086
2069 0.00086
2070 0.00086
2071 0.00086
2072 0.00086
2073 0.00086
2074 0.00086
2075 0.00086
2076 0.00086
2077 0.00086
2078 0.00086
2079 0.00086
2080 0.00086
2081 0.00086
2082 0.00086
2083 0.00086
2084 0.00086
2085 0.00086
2086 0.00086
2087 0.00086
2088 0.00086
2089 0.00086
2090 0.00086
2091 0.00086
2092 0.00086
2093 0.00086
2094 0.00086
2095 0.00086
2096 0.00086
2097 0.00086
2098 0.00086
2099 0.00086
2100 0.00086
2101 0.00086
2102 0.00086
2103 0.00086
2104 0.00086
2105 0.00086
2106 0.00086
2107 0.00086
2108 0.00086
2109 0.00086
2110 0.00086
2111 0.00086
2112 0.00086
2113 0.00086
2114 0.00086
2115 0.00086
2116 0.00086
2117 0.00086
2118 0.00086
2119 0.00086
2120 0.00086
2121 0.00086
2122 0.00086
2123 0.00086
2124 0.00086
2125 0.00086
2126 0.00086
2127 0.00086
2128 0.00086
2129 0.00086
2130 0.00086
2131 0.00086
2132 0.00086
2133 0.00086
2134 0.00086
2135 0.00086
2136 0.00086
2137 0.00086
2138 0.00086
2139 0.00086
2140 0.00086
2141 0.00086
2142 0.00086
2143 0.00086
2144 0.00086
2145 0.00086
2146 0.00086
2147 0.00086
2148 0.00086
2149 0.00086
2150 0.00086
2151 0.00086
2152 0.00086
2153 0.00086
2154 0.00086
2155 0.00086
2156 0.00086
2157 0.00086
2158 0.00086
2159 0.00086
2160 0.00086
2161 0.00086
2162 0.00086
2163 0.00086
2164 0.00086
2165 0.00086
2166 0.00086
2167 0.00086
2168 0.00086
2169 0.00086
2170 0.00086
2171 0.00086
2172 0.00086
2173 0.00086
2174 0.00086
2175 0.00086
2176 0.00086
2177 0.00086
2178 0.00086
2179 0.00086
2180 0.00086
2181 0.00086
2182 0.00086
2183 0.00086
2184 0.00086
2185 0.00086
2186 0.00086
2187 0.00086
2188 0.00086
2189 0.00086
2190 0.00086
2191 0.00086
2192 0.00086
2193 0.00086
2194 0.00086
2195 0.00086
2196 0.00086
2197 0.00086
2198 0.00086
2199 0.00086
2200 0.00086
2201 0.00086
2202 0.00086
2203 0.00086
2204 0.00086
2205 0.00086
2206 0.00086
2207 0.00086
2208 0.00086
2209 0.00086
2210 0.00086
2211 0.00086
2212 0.00086
2213 0.00086
2214 0.00086
2215 0.00086
2216 0.00086
2217 0.00086
2218 0.00086
2219 0.00086
2220 0.00086
2221 0.00086
2222 0.00086
2223 0.00086
2224 0.00086
2225 0.00086
2226 0.00086
2227 0.00086
2228 0.00086
2229 0.00086
2230 0.00086
2231 0.00086
2232 0.00086
2233 0.00086
2234 0.00086
2235 0.00086
2236 0.00086
2237 0.00086
2238 0.00086
2239 0.00086
2240 0.00086
2241 0.00086
2242 0.00086
2243 0.00086
2244 0.00086
2245 0.00086
2246 0.00086
2247 0.00086
2248 0.00086
2249 0.00086
2250 0.00086
2251 0.00086
2252 0.00086
2253 0.00086
2254 0.00086
2255 0.00086
2256 0.00086
2257 0.00086
2258 0.00086
2259 0.00086
2260 0.00086
2261 0.00086
2262 0.00086
2263 0.00086
2264 0.00086
2265 0.00086
2266 0.00086
2267 0.00086
2268 0.00086
2269 0.00086
2270 0.00086
2271 0.00086
2272 0.00086
2273 0.00086
2274 0.00086
2275 0.00086
2276 0.00086
2277 0.00086
2278 0.00086
2279 0.00086
2280 0.00086
2281 0.00086
2282 0.00086
2283 0.00086
2284 0.00086
2285 0.00086
2286 0.00086
2287 0.00086
2288 0.00086
2289 0.00086
2290 0.00086
2291 0.00086
2292 0.00086
2293 0.00086
2294 0.00086
2295 0.00086
2296 0.00086
2297 0.00086
2298 0.00086
2299 0.00086
2300 0.00086
2301 0.00086
2302 0.00086
2303 0.00086
2304 0.00086
2305 0.00086
2306 0.00086
2307 0.00086
2308 0.00086
2309 0.00086
2310 0.00086
2311 0.00086
2312 0.00086
2313 0.00086
2314 0.00086
2315 0.00086
2316 0.00086
2317 0.00086
2318 0.00086
2319 0.00086
2320 0.00086
2321 0.00086
2322 0.00086
2323 0.00086
2324 0.00086
2325 0.00086
2326 0.00086
2327 0.00086
2328 0.00086
2329 0.00086
2330 0.00086
2331 0.00086
2332 0.00086
2333 0.00086
2334 0.00086
2335 0.00086
2336 0.00086
2337 0.00086
2338 0.00086
2339 0.00086
2340 0.00086
2341 0.00086
2342 0.00086
2343 0.00086
2344 0.00086
2345 0.00086
2346 0.00086
2347 0.00086
2348 0.00086
2349 0.00086
2350 0.00086
2351 0.00086
2352 0.00086
2353 0.00086
2354 0.00096
2355 0.00096
2356 0.00096
2357 0.00096
2358 0.00096
2359 0.00096
2360 0.00096
2361 0.00096
2362 0.00096
2363 0.00096
2364 0.00096
2365 0.00096
2366 0.00096
2367 0.00096
2368 0.00096
2369 0.00096
2370 0.00096
2371 0.00096
2372 0.00096
2373 0.00096
2374 0.00096
2375 0.00096
2376 0.00096
2377 0.00096
2378 0.00096
2379 0.00096
2380 0.00096
2381 0.00096
2382 0.00096
2383 0.00096
2384 0.00096
2385 0.00096
2386 0.00096
2387 0.00096
2388 0.00096
2389 0.00096
2390 0.00096
2391 0.00096
2392 0.00096
2393 0.00096
2394 0.00096
2395 0.00096
2396 0.00096
2397 0.00096
2398 0.00096
2399 0.00096
2400 0.00096
2401 0.00096
2402 0.00096
2403 0.00096
2404 0.00096
2405 0.00096
2406 0.00096
2407 0.00096
2408 0.00096
2409 0.00096
2410 0.00096
2411 0.00096
2412 0.00096
2413 0.00096
2414 0.00096
2415 0.00096
2416 0.00096
2417 0.00096
2418 0.00096
2419 0.00096
2420 0.00096
2421 0.00096
2422 0.00096
2423 0.00096
2424 0.00096
2425 0.00096
2426 0.00096
2427 0.00096
2428 0.00096
2429 0.00096
2430 0.00096
2431 0.00096
2432 0.00096
2433 0.00096
2434 0.00096
2435 0.00096
2436 0.00096
2437 0.00096
2438 0.00096
2439 0.00096
2440 0.00096
2441 0.00096
2442 0.00096
2443 0.00096
2444 0.00096
2445 0.00096
2446 0.00096
2447 0.00096
2448 0.00096
2449 0.00096
2450 0.001
2451 0.001
2452 0.001
2453 0.001
2454 0.001
2455 0.001
2456 0.001
2457 0.001
2458 0.001
2459 0.001
2460 0.001
2461 0.001
2462 0.001
2463 0.001
2464 0.001
2465 0.001
2466 0.001
2467 0.001
2468 0.001
2469 0.001
2470 0.001
2471 0.001
2472 0.001
2473 0.001
2474 0.001
2475 0.001
2476 0.001
2477 0.001
2478 0.001
2479 0.001
2480 0.001
2481 0.001
2482 0.001
2483 0.001
2484 0.001
2485 0.001
2486 0.001
2487 0.001
2488 0.001
2489 0.001
2490 0.001
2491 0.001
2492 0.001
2493 0.001
2494 0.001
2495 0.001
2496 0.001
2497 0.001
2498 0.001
2499 0.001
2500 0.001
2501 0.001
2502 0.001
2503 0.001
2504 0.001
2505 0.001
2506 0.001
2507 0.001
2508 0.001
2509 0.001
2510 0.001
2511 0.001
2512 0.001
2513 0.001
2514 0.001
2515 0.001
2516 0.001
2517 0.001
2518 0.001
2519 0.001
2520 0.001
2521 0.001
2522 0.001
2523 0.001
2524 0.001
2525 0.001
2526 0.001
2527 0.001
2528 0.001
2529 0.001
2530 0.001
2531 0.001
2532 0.001
2533 0.001
2534 0.001
2535 0.001
2536 0.001
2537 0.001
2538 0.001
2539 0.001
2540 0.001
2541 0.001
2542 0.001
2543 0.001
2544 0.001
2545 0.001
2546 0.001
2547 0.001
2548 0.001
2549 0.001
2550 0.001
2551 0.001
2552 0.001
2553 0.001
2554 0.001
2555 0.001
2556 0.001
2557 0.001
2558 0.001
2559 0.001
2560 0.001
2561 0.001
2562 0.001
2563 0.001
2564 0.001
2565 0.001
2566 0.001
2567 0.001
2568 0.001
2569 0.001
2570 0.001
2571 0.001
2572 0.001
2573 0.001
2574 0.001
2575 0.001
2576 0.001
2577 0.001
2578 0.001
2579 0.001
2580 0.001
2581 0.001
2582 0.001
2583 0.001
2584 0.001
2585 0.001
2586 0.001
2587 0.001
2588 0.001
2589 0.001
2590 0.001
2591 0.001
2592 0.001
2593 0.001
2594 0.001
2595 0.001
2596 0.001
2597 0.001
2598 0.001
2599 0.001
2600 0.001
2601 0.001
2602 0.001
2603 0.001
2604 0.001
2605 0.001
2606 0.001
2607 0.001
2608 0.001
2609 0.001
2610 0.001
2611 0.001
2612 0.001
2613 0.001
2614 0.001
2615 0.001
2616 0.001
2617 0.001
2618 0.001
2619 0.001
2620 0.001
2621 0.001
2622 0.001
2623 0.001
2624 0.001
2625 0.001
2626 0.001
2627 0.001
2628 0.001
2629 0.001
2630 0.001
2631 0.001
2632 0.001
2633 0.001
2634 0.001
2635 0.001
2636 0.001
2637 0.001
2638 0.001
2639 0.001
2640 0.001
2641 0.001
2642 0.001
2643 0.001
2644 0.001
2645 0.001
2646 0.001
2647 0.001
2648 0.001
2649 0.001
2650 0.001
2651 0.001
2652 0.001
2653 0.001
2654 0.001
2655 0.001
2656 0.001
2657 0.001
2658 0.001
2659 0.001
2660 0.001
2661 0.001
2662 0.001
2663 0.001
2664 0.001
2665 0.001
2666 0.001
2667 0.001
2668 0.001
2669 0.001
2670 0.001
2671 0.001
2672 0.001
2673 0.001
2674 0.001
2675 0.001
2676 0.001
2677 0.001
2678 0.001
2679 0.001
2680 0.001
2681 0.001
2682 0.001
2683 0.001
2684 0.001
2685 0.001
2686 0.001
2687 0.001
2688 0.001
2689 0.001
2690 0.001
2691 0.001
2692 0.001
2693 0.001
2694 0.001
2695 0.001
2696 0.001
2697 0.001
2698 0.001
2699 0.001
2700 0.001
2701 0.001
2702 0.001
2703 0.001
2704 0.001
2705 0.001
2706 0.001
2707 0.001
2708 0.001
2709 0.001
2710 0.001
2711 0.001
2712 0.001
2713 0.001
2714 0.001
2715 0.001
2716 0.001
2717 0.001
2718 0.001
2719 0.001
2720 0.001
2721 0.001
2722 0.001
2723 0.001
2724 0.001
2725 0.001
2726 0.001
2727 0.00108
2728 0.00108
2729 0.00108
2730 0.00108
2731 0.00108
2732 0.00108
2733 0.00108
2734 0.00108
2735 0.00108
2736 0.00108
2737 0.00108
2738 0.00108
2739 0.00108
2740 0.00108
2741 0.00108
2742 0.00108
2743 0.00108
2744 0.00108
2745 0.00108
2746 0.00108
2747 0.00108
2748 0.00108
2749 0.00108
2750 0.00108
2751 0.00108
2752 0.00108
2753 0.00108
2754 0.00108
2755 0.00108
2756 0.00108
2757 0.00108
2758 0.00108
2759 0.00108
2760 0.00108
2761 0.00108
2762 0.00108
2763 0.00108
2764 0.00108
2765 0.00108
2766 0.00108
2767 0.00108
2768 0.00108
2769 0.00108
2770 0.00108
2771 0.00108
2772 0.00108
2773 0.00108
2774 0.00108
2775 0.00108
2776 0.00108
2777 0.00108
2778 0.00108
2779 0.00108
2780 0.00108
2781 0.00108
2782 0.00108
2783 0.00108
2784 0.00108
2785 0.00108
2786 0.00108
2787 0.00108
2788 0.00108
2789 0.00108
2790 0.00108
2791 0.00108
2792 0.00108
2793 0.00108
2794 0.00108
2795 0.00108
2796 0.00108
2797 0.00108
2798 0.00108
2799 0.00108
2800 0.00108
2801 0.00108
2802 0.00108
2803 0.00108
2804 0.00108
2805 0.00108
2806 0.00108
2807 0.00108
2808 0.00108
2809 0.00108
2810 0.00108
2811 0.00108
2812 0.00108
2813 0.00108
2814 0.00108
2815 0.00108
2816 0.00108
2817 0.00108
2818 0.00108
2819 0.00108
2820 0.00108
2821 0.00108
2822 0.00108
2823 0.00108
2824 0.00108
2825 0.00108
2826 0.00108
2827 0.00108
2828 0.00108
2829 0.00108
2830 0.00108
2831 0.00108
2832 0.00108
2833 0.00108
2834 0.00108
2835 0.00108
2836 0.00108
2837 0.00108
2838 0.00108
2839 0.00108
2840 0.00108
2841 0.00108
2842 0.00108
2843 0.00108
2844 0.00108
2845 0.00108
2846 0.00108
2847 0.00108
2848 0.00108
2849 0.00108
2850 0.00108
2851 0.00108
2852 0.00108
2853 0.00108
2854 0.00108
2855 0.00108
2856 0.00108
2857 0.00108
2858 0.00108
2859 0.00108
2860 0.00108
2861 0.00108
2862 0.00108
2863 0.00108
2864 0.00108
2865 0.00108
2866 0.00108
2867 0.00108
2868 0.00108
2869 0.00108
2870 0.00108
2871 0.00108
2872 0.00108
2873 0.00108
2874 0.00108
2875 0.00108
2876 0.00108
2877 0.00108
2878 0.00108
2879 0.00108
2880 0.00108
2881 0.00108
2882 0.00108
2883 0.00108
2884 0.00108
2885 0.00108
2886 0.00108
2887 0.00108
2888 0.00108
2889 0.00108
2890 0.00108
2891 0.00108
2892 0.00108
2893 0.00108
2894 0.00108
2895 0.00108
2896 0.00108
2897 0.00108
2898 0.00108
2899 0.00108
2900 0.00108
2901 0.00108
2902 0.00108
2903 0.00108
2904 0.00108
2905 0.00108
2906 0.00108
2907 0.00108
2908 0.00108
2909 0.00108
2910 0.00108
2911 0.00108
2912 0.00108
2913 0.00108
2914 0.00108
2915 0.00108
2916 0.00108
2917 0.00108
2918 0.00108
2919 0.00108
2920 0.00108
2921 0.00108
2922 0.00108
2923 0.00108
2924 0.00108
2925 0.00108
2926 0.00108
2927 0.00108
2928 0.00108
2929 0.00108
2930 0.00108
2931 0.00108
2932 0.00108
2933 0.00108
2934 0.00108
2935 0.00108
2936 0.00108
2937 0.00108
2938 0.00108
2939 0.00108
2940 0.00108
2941 0.00108
2942 0.00108
2943 0.00108
2944 0.00108
2945 0.00108
2946 0.00108
2947 0.00108
2948 0.00108
2949 0.00108
2950 0.00108
2951 0.00108
2952 0.00108
2953 0.00108
2954 0.00108
2955 0.00108
2956 0.00108
2957 0.00108
2958 0.00108
2959 0.00108
2960 0.00108
2961 0.00108
2962 0.00108
2963 0.00108
2964 0.00108
2965 0.00108
2966 0.00108
2967 0.00108
2968 0.00108
2969 0.00108
2970 0.00108
2971 0.00108
2972 0.00108
2973 0.00108
2974 0.00108
2975 0.00108
2976 0.00108
2977 0.00108
2978 0.00108
2979 0.00108
2980 0.00108
2981 0.00108
2982 0.00108
2983 0.00108
2984 0.00108
2985 0.00108
2986 0.00108
2987 0.00108
2988 0.00108
2989 0.00108
2990 0.00108
2991 0.00108
2992 0.00108
2993 0.00108
2994 0.00108
2995 0.00108
2996 0.00108
2997 0.00108
2998 0.00108
2999 0.00108
3000 0.00108
3001 0.00108
3002 0.00108
3003 0.00108
3004 0.00108
3005 0.00108
3006 0.00108
3007 0.00108
3008 0.00108
3009 0.00108
3010 0.00108
3011 0.00108
3012 0.00108
3013 0.00108
3014 0.00108
3015 0.00108
3016 0.00108
3017 0.00108
3018 0.00108
3019 0.00108
3020 0.00108
3021 0.00108
3022 0.00108
3023 0.00108
3024 0.00108
3025 0.00108
3026 0.00108
3027 0.00108
3028 0.00108
3029 0.00108
3030 0.00108
3031 0.00108
3032 0.00108
3033 0.00108
3034 0.00108
3035 0.00108
3036 0.00108
3037 0.00108
3038 0.00108
3039 0.00108
3040 0.00108
3041 0.00108
3042 0.00108
3043 0.00108
3044 0.00108
3045 0.00108
3046 0.00108
3047 0.00108
3048 0.00108
3049 0.00108
3050 0.00108
3051 0.00108
3052 0.00108
3053 0.00108
3054 0.00108
3055 0.00108
3056 0.00108
3057 0.00108
3058 0.00108
3059 0.00108
3060 0.00108
3061 0.00108
3062 0.00108
3063 0.00108
3064 0.00108
3065 0.00108
3066 0.00108
3067 0.00108
3068 0.00108
3069 0.00108
3070 0.00108
3071 0.00108
3072 0.00108
3073 0.00108
3074 0.00108
3075 0.00108
3076 0.00108
3077 0.00108
3078 0.00108
3079 0.00108
3080 0.00108
3081 0.00108
3082 0.00108
3083 0.00108
3084 0.00108
3085 0.00108
3086 0.00108
3087 0.00108
3088 0.00108
3089 0.00108
3090 0.00108
3091 0.00108
3092 0.00108
3093 0.00108
3094 0.00108
3095 0.00108
3096 0.00108
3097 0.00108
3098 0.00108
3099 0.00108
3100 0.00108
3101 0.00108
3102 0.00108
3103 0.00108
3104 0.00108
3105 0.00108
3106 0.00108
3107 0.00108
3108 0.00108
3109 0.00108
3110 0.00108
3111 0.00108
3112 0.00108
3113 0.00108
3114 0.00108
3115 0.00108
3116 0.00108
3117 0.00108
3118 0.00108
3119 0.00108
3120 0.00108
3121 0.00108
3122 0.00108
3123 0.00108
3124 0.00108
3125 0.00108
3126 0.00108
3127 0.00108
3128 0.00108
3129 0.00108
3130 0.00108
3131 0.00108
3132 0.00108
3133 0.00108
3134 0.00108
3135 0.00108
3136 0.00108
3137 0.00108
3138 0.00108
3139 0.00108
3140 0.00108
3141 0.00108
3142 0.00108
3143 0.00108
3144 0.00108
3145 0.00108
3146 0.00108
3147 0.00108
3148 0.00108
3149 0.00108
3150 0.00108
3151 0.00108
3152 0.00108
3153 0.00108
3154 0.00108
3155 0.00108
3156 0.00108
3157 0.00108
3158 0.00108
3159 0.00108
3160 0.00108
3161 0.00108
3162 0.00108
3163 0.00108
3164 0.00108
3165 0.00108
3166 0.00108
3167 0.00108
3168 0.00108
3169 0.00108
3170 0.00108
3171 0.00108
3172 0.00108
3173 0.00108
3174 0.00108
3175 0.00108
3176 0.00108
3177 0.00108
3178 0.00108
3179 0.00108
3180 0.00108
3181 0.00108
3182 0.00108
3183 0.00108
3184 0.00108
3185 0.00108
3186 0.00108
3187 0.00108
3188 0.00108
3189 0.00108
3190 0.00108
3191 0.00108
3192 0.00108
3193 0.00108
3194 0.00108
3195 0.00108
3196 0.00108
3197 0.00108
3198 0.00108
3199 0.00108
3200 0.00108
3201 0.00108
3202 0.00108
3203 0.00108
3204 0.00108
3205 0.00108
3206 0.00108
3207 0.00108
3208 0.00108
3209 0.00108
3210 0.00108
3211 0.00108
3212 0.00108
3213 0.00108
3214 0.00108
3215 0.00108
3216 0.00108
3217 0.00108
3218 0.00108
3219 0.00108
3220 0.00108
3221 0.00108
3222 0.00108
3223 0.00108
3224 0.00108
3225 0.00108
3226 0.00108
3227 0.00108
3228 0.00108
3229 0.00108
3230 0.00108
3231 0.00108
3232 0.00108
3233 0.00108
3234 0.00108
3235 0.00108
3236 0.00108
3237 0.00108
3238 0.00108
3239 0.00108
3240 0.00108
3241 0.00108
3242 0.00108
3243 0.00108
3244 0.00108
3245 0.00108
3246 0.00108
3247 0.00108
3248 0.00108
3249 0.00108
3250 0.00108
3251 0.00108
3252 0.00108
3253 0.00108
3254 0.00108
3255 0.00108
3256 0.00108
3257 0.00108
3258 0.00108
3259 0.00108
3260 0.00108
3261 0.00108
3262 0.00108
3263 0.00108
3264 0.00108
3265 0.00108
3266 0.00108
3267 0.00108
3268 0.00108
3269 0.00108
3270 0.00108
3271 0.00108
3272 0.00108
3273 0.00108
3274 0.00108
3275 0.00108
3276 0.00108
3277 0.00108
3278 0.00108
3279 0.00108
3280 0.00108
3281 0.00108
3282 0.00108
3283 0.00108
3284 0.00108
3285 0.00108
3286 0.00108
3287 0.00108
3288 0.00108
3289 0.00108
3290 0.00108
3291 0.00108
3292 0.00108
3293 0.00108
3294 0.00108
3295 0.00108
3296 0.00108
3297 0.00108
3298 0.00108
3299 0.00108
3300 0.00108
3301 0.00108
3302 0.00108
3303 0.00108
3304 0.00108
3305 0.00108
3306 0.00108
3307 0.00108
3308 0.00108
3309 0.00108
3310 0.00108
3311 0.00108
3312 0.00108
3313 0.00108
3314 0.00108
3315 0.00108
3316 0.00108
3317 0.00108
3318 0.00108
3319 0.00108
3320 0.00108
3321 0.00108
3322 0.00108
3323 0.00108
3324 0.00108
3325 0.00108
3326 0.00108
3327 0.00108
3328 0.00108
3329 0.00108
3330 0.00108
3331 0.00108
3332 0.00108
3333 0.00108
3334 0.00108
3335 0.00108
3336 0.00108
3337 0.00108
3338 0.00108
3339 0.00108
3340 0.00108
3341 0.00108
3342 0.00108
3343 0.00108
3344 0.00108
3345 0.00108
3346 0.00108
3347 0.00108
3348 0.00108
3349 0.00108
3350 0.00108
3351 0.00108
3352 0.00108
3353 0.00108
3354 0.00108
3355 0.00108
3356 0.00108
3357 0.00108
3358 0.00108
3359 0.00108
3360 0.00108
3361 0.00108
3362 0.00108
3363 0.00108
3364 0.00108
3365 0.00108
3366 0.00108
3367 0.00108
3368 0.00108
3369 0.00108
3370 0.00108
3371 0.00108
3372 0.00108
3373 0.00108
3374 0.00108
3375 0.00108
3376 0.00108
3377 0.00108
3378 0.00108
3379 0.00108
3380 0.00108
3381 0.00108
3382 0.00108
3383 0.00108
3384 0.00108
3385 0.00108
3386 0.00108
3387 0.00108
3388 0.00108
3389 0.00108
3390 0.00108
3391 0.00108
3392 0.00108
3393 0.00108
3394 0.00108
3395 0.00108
3396 0.00108
3397 0.00108
3398 0.00108
3399 0.00108
3400 0.00108
3401 0.00108
3402 0.00108
3403 0.00108
3404 0.00108
3405 0.00108
3406 0.00108
3407 0.00108
3408 0.00108
3409 0.00108
3410 0.00108
3411 0.00108
3412 0.00108
3413 0.00108
3414 0.00108
3415 0.00108
3416 0.00108
3417 0.00108
3418 0.00108
3419 0.00108
3420 0.00108
3421 0.00108
3422 0.00108
3423 0.00108
3424 0.00108
3425 0.00108
3426 0.00108
3427 0.00108
3428 0.00108
3429 0.00108
3430 0.00108
3431 0.00108
3432 0.00108
3433 0.00108
3434 0.00108
3435 0.00108
3436 0.00108
3437 0.00108
3438 0.00108
3439 0.00108
3440 0.00108
3441 0.00108
3442 0.00108
3443 0.00108
3444 0.00108
3445 0.00108
3446 0.00108
3447 0.00108
3448 0.00108
3449 0.00108
3450 0.00108
3451 0.00108
3452 0.00108
3453 0.00108
3454 0.00108
3455 0.00108
3456 0.00108
3457 0.00108
3458 0.00108
3459 0.00108
3460 0.00108
3461 0.00108
3462 0.00108
3463 0.00108
3464 0.00108
3465 0.00108
3466 0.00108
3467 0.00108
3468 0.00108
3469 0.00108
3470 0.00108
3471 0.00108
3472 0.00108
3473 0.00108
3474 0.00108
3475 0.00108
3476 0.00108
3477 0.00108
3478 0.00108
3479 0.00108
3480 0.00108
3481 0.00108
3482 0.00108
3483 0.00108
3484 0.00108
3485 0.00108
3486 0.00108
3487 0.00108
3488 0.00108
3489 0.00108
3490 0.00108
3491 0.00108
3492 0.00108
3493 0.00108
3494 0.00108
3495 0.00108
3496 0.00108
3497 0.00108
3498 0.00108
3499 0.00108
3500 0.00108
3501 0.00108
3502 0.00108
3503 0.00108
3504 0.00108
3505 0.00108
3506 0.00108
3507 0.00108
3508 0.00108
3509 0.00108
3510 0.00108
3511 0.00108
3512 0.00108
3513 0.00108
3514 0.00108
3515 0.00108
3516 0.00108
3517 0.00108
3518 0.00108
3519 0.00108
3520 0.00108
3521 0.00108
3522 0.00108
3523 0.00108
3524 0.00108
3525 0.00108
3526 0.00108
3527 0.00108
3528 0.00108
3529 0.00108
3530 0.00108
3531 0.00108
3532 0.00108
3533 0.00108
3534 0.00108
3535 0.00108
3536 0.00108
3537 0.00108
3538 0.00108
3539 0.00108
3540 0.00108
3541 0.00108
3542 0.00108
3543 0.00108
3544 0.00108
3545 0.00108
3546 0.00108
3547 0.00108
3548 0.00108
3549 0.00108
3550 0.00108
3551 0.00108
3552 0.00108
3553 0.00108
3554 0.00108
3555 0.00108
3556 0.00108
3557 0.00108
3558 0.00108
3559 0.00108
3560 0.00108
3561 0.00108
3562 0.00108
3563 0.00108
3564 0.00108
3565 0.00108
3566 0.00108
3567 0.00108
3568 0.00108
3569 0.00108
3570 0.00108
3571 0.00108
3572 0.00108
3573 0.00108
3574 0.00108
3575 0.00108
3576 0.00108
3577 0.00108
3578 0.00108
3579 0.00108
3580 0.00108
3581 0.00108
3582 0.00108
3583 0.00108
3584 0.00108
3585 0.00108
3586 0.00108
3587 0.00108
3588 0.00108
3589 0.00108
3590 0.00108
3591 0.00108
3592 0.00108
3593 0.00108
3594 0.00108
3595 0.00108
3596 0.00108
3597 0.00108
3598 0.00108
3599 0.00108
3600 0.00108
3601 0.00108
3602 0.00108
3603 0.00108
3604 0.00108
3605 0.00108
3606 0.00108
3607 0.00108
3608 0.00108
3609 0.00108
3610 0.00108
3611 0.00108
3612 0.00108
3613 0.00108
3614 0.00108
3615 0.00108
3616 0.00108
3617 0.00108
3618 0.00108
3619 0.00108
3620 0.00108
3621 0.00108
3622 0.00108
3623 0.00108
3624 0.00108
3625 0.00108
3626 0.00108
3627 0.00108
3628 0.00108
3629 0.00108
3630 0.00108
3631 0.00108
3632 0.00108
3633 0.00108
3634 0.00108
3635 0.00108
3636 0.00108
3637 0.00108
3638 0.00108
3639 0.00108
3640 0.00108
3641 0.00108
3642 0.00108
3643 0.00108
3644 0.00108
3645 0.00108
3646 0.00108
3647 0.00108
3648 0.00108
3649 0.00108
3650 0.00108
3651 0.00108
3652 0.00108
3653 0.00108
3654 0.00108
3655 0.00108
3656 0.00108
3657 0.00108
3658 0.00108
3659 0.00108
3660 0.00108
3661 0.00108
3662 0.00108
3663 0.00108
3664 0.00108
3665 0.00108
3666 0.00108
3667 0.00108
3668 0.00108
3669 0.00108
3670 0.00108
3671 0.00108
3672 0.00108
3673 0.00108
3674 0.00108
3675 0.00108
3676 0.00108
3677 0.00108
3678 0.00108
3679 0.00108
3680 0.00108
3681 0.00108
3682 0.00108
3683 0.00108
3684 0.00108
3685 0.00108
3686 0.00108
3687 0.00108
3688 0.00108
3689 0.00108
3690 0.00108
3691 0.00108
3692 0.00108
3693 0.00108
3694 0.00108
3695 0.00108
3696 0.00108
3697 0.00108
3698 0.00108
3699 0.00108
3700 0.00108
3701 0.00108
3702 0.00108
3703 0.00108
3704 0.00108
3705 0.00108
3706 0.00108
3707 0.00108
3708 0.00108
3709 0.00108
3710 0.00108
3711 0.00108
3712 0.00108
3713 0.00108
3714 0.00108
3715 0.00108
3716 0.00108
3717 0.00108
3718 0.00108
3719 0.00108
3720 0.00108
3721 0.00108
3722 0.00108
3723 0.00108
3724 0.00108
3725 0.00108
3726 0.00108
3727 0.00108
3728 0.00108
3729 0.00108
3730 0.00108
3731 0.00108
3732 0.00108
3733 0.00108
3734 0.00108
3735 0.00108
3736 0.00108
3737 0.00108
3738 0.00108
3739 0.00108
3740 0.00108
3741 0.00108
3742 0.00108
3743 0.00108
3744 0.00108
3745 0.00108
3746 0.00108
3747 0.00108
3748 0.00108
3749 0.00108
3750 0.00108
3751 0.00108
3752 0.00108
3753 0.00108
3754 0.00108
3755 0.00108
3756 0.00108
3757 0.00108
3758 0.00108
3759 0.00108
3760 0.00108
3761 0.00108
3762 0.00108
3763 0.00108
3764 0.00108
3765 0.00108
3766 0.00108
3767 0.00108
3768 0.00108
3769 0.00108
3770 0.00108
3771 0.00108
3772 0.00108
3773 0.00108
3774 0.00108
3775 0.00108
3776 0.00108
3777 0.00108
3778 0.00108
3779 0.00108
3780 0.00108
3781 0.00108
3782 0.00108
3783 0.00108
3784 0.00108
3785 0.00108
3786 0.00108
3787 0.00108
3788 0.00108
3789 0.00108
3790 0.00108
3791 0.00108
3792 0.00108
3793 0.00108
3794 0.00108
3795 0.00108
3796 0.00108
3797 0.00108
3798 0.00108
3799 0.00108
3800 0.00108
3801 0.00108
3802 0.00108
3803 0.00108
3804 0.00108
3805 0.00108
3806 0.00108
3807 0.00108
3808 0.00108
3809 0.00108
3810 0.00108
3811 0.00108
3812 0.00108
3813 0.00108
3814 0.00108
3815 0.00108
3816 0.00108
3817 0.00108
3818 0.00108
3819 0.00108
3820 0.00108
3821 0.00108
3822 0.00108
3823 0.00108
3824 0.00108
3825 0.00108
3826 0.00108
3827 0.00108
3828 0.00108
3829 0.00108
3830 0.00108
3831 0.00108
3832 0.00108
3833 0.00108
3834 0.00108
3835 0.00108
3836 0.00108
3837 0.00108
3838 0.00108
3839 0.00108
3840 0.00108
3841 0.00108
3842 0.00108
3843 0.00108
3844 0.00108
3845 0.00108
3846 0.00108
3847 0.00108
3848 0.00108
3849 0.00108
3850 0.00108
3851 0.00108
3852 0.00108
3853 0.00108
3854 0.00108
3855 0.00108
3856 0.00108
3857 0.00108
3858 0.00108
3859 0.00108
3860 0.00108
3861 0.00108
3862 0.00108
3863 0.00108
3864 0.00108
3865 0.00108
3866 0.00108
3867 0.00108
3868 0.00108
3869 0.00108
3870 0.00108
3871 0.00108
3872 0.00108
3873 0.00108
3874 0.00108
3875 0.00108
3876 0.00108
3877 0.00108
3878 0.00108
3879 0.00108
3880 0.00108
3881 0.00108
3882 0.00108
3883 0.00108
3884 0.00108
3885 0.00108
3886 0.00108
3887 0.00108
3888 0.00108
3889 0.00108
3890 0.00108
3891 0.00108
3892 0.00108
3893 0.00108
3894 0.00108
3895 0.00108
3896 0.00108
3897 0.00108
3898 0.00108
3899 0.00108
3900 0.00108
3901 0.00108
3902 0.00108
3903 0.00108
3904 0.00108
3905 0.00108
3906 0.00108
3907 0.00108
3908 0.00108
3909 0.00108
3910 0.00108
3911 0.00108
3912 0.00108
3913 0.00108
3914 0.00108
3915 0.00108
3916 0.00108
3917 0.00108
3918 0.00108
3919 0.00108
3920 0.00108
3921 0.00108
3922 0.00108
3923 0.00108
3924 0.00108
3925 0.00108
3926 0.00108
3927 0.00108
3928 0.00108
3929 0.00108
3930 0.00108
3931 0.00108
3932 0.00108
3933 0.00108
3934 0.00108
3935 0.00108
3936 0.00108
3937 0.00108
3938 0.00108
3939 0.00108
3940 0.00108
3941 0.00108
3942 0.00108
3943 0.00108
3944 0.00108
3945 0.00108
3946 0.00108
3947 0.00108
3948 0.00108
3949 0.00108
3950 0.00108
3951 0.00108
3952 0.00108
3953 0.00108
3954 0.00108
3955 0.00108
3956 0.00108
3957 0.00108
3958 0.00108
3959 0.00108
3960 0.00108
3961 0.00108
3962 0.00108
3963 0.00108
3964 0.00108
3965 0.00108
3966 0.00108
3967 0.00108
3968 0.00108
3969 0.00108
3970 0.00108
3971 0.00108
3972 0.00108
3973 0.00108
3974 0.00108
3975 0.00108
3976 0.00108
3977 0.00108
3978 0.00108
3979 0.00108
3980 0.00108
3981 0.00108
3982 0.00108
3983 0.00108
3984 0.00108
3985 0.00108
3986 0.00108
3987 0.00108
3988 0.00108
3989 0.00108
3990 0.00108
3991 0.00108
3992 0.00108
3993 0.00108
3994 0.00108
3995 0.00108
3996 0.00108
3997 0.00108
3998 0.00108
3999 0.00108
4000 0.00108
4001 0.00108
4002 0.00108
4003 0.00108
4004 0.00108
4005 0.00108
4006 0.00108
4007 0.00108
4008 0.00108
4009 0.00108
4010 0.00108
4011 0.00108
4012 0.00108
4013 0.00108
4014 0.00108
4015 0.00108
4016 0.00108
4017 0.00108
4018 0.00108
4019 0.00108
4020 0.00108
4021 0.00108
4022 0.00108
4023 0.00108
4024 0.00108
4025 0.00108
4026 0.00108
4027 0.00108
4028 0.00108
4029 0.00108
4030 0.00108
4031 0.00108
4032 0.00108
4033 0.00108
4034 0.00108
4035 0.00108
4036 0.00108
4037 0.00108
4038 0.00108
4039 0.00108
4040 0.00108
4041 0.00108
4042 0.00108
4043 0.00108
4044 0.00108
4045 0.00108
4046 0.00108
4047 0.00108
4048 0.00108
4049 0.00108
4050 0.00108
4051 0.00108
4052 0.00108
4053 0.00108
4054 0.00108
4055 0.00108
4056 0.00108
4057 0.00108
4058 0.00108
4059 0.00108
4060 0.00108
4061 0.00108
4062 0.00108
4063 0.00108
4064 0.00108
4065 0.00108
4066 0.00108
4067 0.00108
4068 0.00108
4069 0.00108
4070 0.00108
4071 0.00108
4072 0.00108
4073 0.00108
4074 0.00108
4075 0.00108
4076 0.00108
4077 0.00108
4078 0.00108
4079 0.00108
4080 0.00108
4081 0.00108
4082 0.00108
4083 0.00108
4084 0.00108
4085 0.00108
4086 0.00108
4087 0.00108
4088 0.00108
4089 0.00108
4090 0.00108
4091 0.00108
4092 0.00108
4093 0.00108
4094 0.00108
4095 0.00108
4096 0.00108
4097 0.00108
4098 0.00108
4099 0.00108
4100 0.00108
4101 0.00108
4102 0.00108
4103 0.00108
4104 0.00108
4105 0.00108
4106 0.00108
4107 0.00108
4108 0.00108
4109 0.00108
4110 0.00108
4111 0.00108
4112 0.00108
4113 0.00108
4114 0.00108
4115 0.00108
4116 0.00108
4117 0.00108
4118 0.00108
4119 0.00108
4120 0.00108
4121 0.00108
4122 0.00108
4123 0.00108
4124 0.00108
4125 0.00108
4126 0.00108
4127 0.00108
4128 0.00108
4129 0.00108
4130 0.00108
4131 0.00108
4132 0.00108
4133 0.00108
4134 0.00108
4135 0.00108
4136 0.00108
4137 0.00108
4138 0.00108
4139 0.00108
4140 0.00108
4141 0.00108
4142 0.00108
4143 0.00108
4144 0.00108
4145 0.00108
4146 0.00108
4147 0.00108
4148 0.00108
4149 0.00108
4150 0.00108
4151 0.00108
4152 0.00108
4153 0.00108
4154 0.00108
4155 0.00108
4156 0.00108
4157 0.00108
4158 0.00108
4159 0.00108
4160 0.00108
4161 0.00108
4162 0.00108
4163 0.00108
4164 0.00108
4165 0.00108
4166 0.00108
4167 0.00108
4168 0.00108
4169 0.00108
4170 0.00108
4171 0.00108
4172 0.00108
4173 0.00108
4174 0.00108
4175 0.00108
4176 0.00108
4177 0.00108
4178 0.00108
4179 0.00108
4180 0.00108
4181 0.00108
4182 0.00108
4183 0.00108
4184 0.00108
4185 0.00108
4186 0.00108
4187 0.00108
4188 0.00108
4189 0.00108
4190 0.00108
4191 0.00108
4192 0.00108
4193 0.00108
4194 0.00108
4195 0.00108
4196 0.00108
4197 0.00108
4198 0.00108
4199 0.00108
4200 0.00108
4201 0.00108
4202 0.00108
4203 0.00108
4204 0.00108
4205 0.00108
4206 0.00108
4207 0.00108
4208 0.00108
4209 0.00108
4210 0.00108
4211 0.00108
4212 0.00108
4213 0.00108
4214 0.00108
4215 0.00108
4216 0.00108
4217 0.00108
4218 0.00108
4219 0.00108
4220 0.00108
4221 0.00108
4222 0.00108
4223 0.00108
4224 0.00108
4225 0.00108
4226 0.00108
4227 0.00108
4228 0.00108
4229 0.00108
4230 0.00108
4231 0.00108
4232 0.00108
4233 0.00108
4234 0.00108
4235 0.00108
4236 0.00108
4237 0.00108
4238 0.00108
4239 0.00108
4240 0.00108
4241 0.00108
4242 0.00108
4243 0.00108
4244 0.00108
4245 0.00108
4246 0.00108
4247 0.00108
4248 0.00108
4249 0.00108
4250 0.00108
4251 0.00108
4252 0.00108
4253 0.00108
4254 0.00108
4255 0.00108
4256 0.00108
4257 0.00108
4258 0.00108
4259 0.00108
4260 0.00108
4261 0.00108
4262 0.00108
4263 0.00108
4264 0.00108
4265 0.00108
4266 0.00108
4267 0.00108
4268 0.00108
4269 0.00108
4270 0.00108
4271 0.00108
4272 0.00108
4273 0.00108
4274 0.00108
4275 0.00108
4276 0.00108
4277 0.00108
4278 0.00108
4279 0.00108
4280 0.00108
4281 0.00108
4282 0.00108
4283 0.00108
4284 0.00108
4285 0.00108
4286 0.00108
4287 0.00108
4288 0.00108
4289 0.00108
4290 0.00108
4291 0.00108
4292 0.00108
4293 0.00108
4294 0.00108
4295 0.00108
4296 0.00108
4297 0.00108
4298 0.00108
4299 0.00108
4300 0.00108
4301 0.00108
4302 0.00108
4303 0.00108
4304 0.00108
4305 0.00108
4306 0.00108
4307 0.00108
4308 0.00108
4309 0.00108
4310 0.00108
4311 0.00108
4312 0.00108
4313 0.00108
4314 0.00108
4315 0.00108
4316 0.00108
4317 0.00108
4318 0.00108
4319 0.00108
4320 0.00108
4321 0.00108
4322 0.00108
4323 0.00108
4324 0.00108
4325 0.00108
4326 0.00108
4327 0.00108
4328 0.00108
4329 0.00108
4330 0.00108
4331 0.00108
4332 0.00108
4333 0.00108
4334 0.00108
4335 0.00108
4336 0.00108
4337 0.00108
4338 0.00108
4339 0.00108
4340 0.00108
4341 0.00108
4342 0.00108
4343 0.00108
4344 0.00108
4345 0.00108
4346 0.00108
4347 0.00108
4348 0.00108
4349 0.00108
4350 0.00108
4351 0.00108
4352 0.00108
4353 0.00108
4354 0.00108
4355 0.00108
4356 0.00108
4357 0.00108
4358 0.00108
4359 0.00108
4360 0.00108
4361 0.00108
4362 0.00108
4363 0.00108
4364 0.00108
4365 0.00108
4366 0.00108
4367 0.00108
4368 0.00108
4369 0.00108
4370 0.00108
4371 0.00108
4372 0.00108
4373 0.00108
4374 0.00108
4375 0.00108
4376 0.00108
4377 0.00108
4378 0.00108
4379 0.00108
4380 0.00108
4381 0.00108
4382 0.00108
4383 0.00108
4384 0.00108
4385 0.00108
4386 0.00108
4387 0.00108
4388 0.00108
4389 0.00108
4390 0.00108
4391 0.00108
4392 0.00108
4393 0.00108
4394 0.00108
4395 0.00108
4396 0.00108
4397 0.00108
4398 0.00108
4399 0.00108
4400 0.00108
4401 0.00108
4402 0.00108
4403 0.00108
4404 0.00108
4405 0.00108
4406 0.00108
4407 0.00108
4408 0.00108
4409 0.00108
4410 0.00108
4411 0.00108
4412 0.00108
4413 0.00108
4414 0.00108
4415 0.00108
4416 0.00108
4417 0.00108
4418 0.00108
4419 0.00108
4420 0.00108
4421 0.00108
4422 0.00108
4423 0.00108
4424 0.00108
4425 0.00108
4426 0.00108
4427 0.00108
4428 0.00108
4429 0.00108
4430 0.00108
4431 0.00108
4432 0.00108
4433 0.00108
4434 0.00108
4435 0.00108
4436 0.00108
4437 0.00108
4438 0.00108
4439 0.00108
4440 0.00108
4441 0.00108
4442 0.00108
4443 0.00108
4444 0.00108
4445 0.00108
4446 0.00108
4447 0.00108
4448 0.00108
4449 0.00108
4450 0.00108
4451 0.00108
4452 0.00108
4453 0.00108
4454 0.00108
4455 0.00108
4456 0.00108
4457 0.00108
4458 0.00108
4459 0.00108
4460 0.00108
4461 0.00108
4462 0.00108
4463 0.00108
4464 0.00108
4465 0.00108
4466 0.00108
4467 0.00108
4468 0.00108
4469 0.00108
4470 0.00108
4471 0.00108
4472 0.00108
4473 0.00108
4474 0.00108
4475 0.00108
4476 0.00108
4477 0.00108
4478 0.00108
4479 0.00108
4480 0.00108
4481 0.00108
4482 0.00108
4483 0.00108
4484 0.00108
4485 0.00108
4486 0.00108
4487 0.00108
4488 0.00108
4489 0.00108
4490 0.00108
4491 0.00108
4492 0.00108
4493 0.00108
4494 0.00108
4495 0.00108
4496 0.00108
4497 0.00108
4498 0.00108
4499 0.00108
4500 0.00108
4501 0.00108
4502 0.00108
4503 0.00108
4504 0.00108
4505 0.00108
4506 0.00108
4507 0.00108
4508 0.00108
4509 0.00108
4510 0.00108
4511 0.00108
4512 0.00108
4513 0.00108
4514 0.00108
4515 0.00108
4516 0.00108
4517 0.00108
4518 0.00108
4519 0.00108
4520 0.00108
4521 0.00108
4522 0.00108
4523 0.00108
4524 0.00108
4525 0.00108
4526 0.00108
4527 0.00108
4528 0.00108
4529 0.00108
4530 0.00108
4531 0.00108
4532 0.00108
4533 0.00108
4534 0.00108
4535 0.00108
4536 0.00108
4537 0.00108
4538 0.00108
4539 0.00108
4540 0.00108
4541 0.00108
4542 0.00108
4543 0.00108
4544 0.00108
4545 0.00108
4546 0.00108
4547 0.00108
4548 0.00108
4549 0.00108
4550 0.00108
4551 0.00108
4552 0.00108
4553 0.00108
4554 0.00108
4555 0.00108
4556 0.00108
4557 0.00108
4558 0.00108
4559 0.00108
4560 0.00108
4561 0.00108
4562 0.00108
4563 0.00108
4564 0.00108
4565 0.00108
4566 0.00108
4567 0.00108
4568 0.00108
4569 0.00108
4570 0.00108
4571 0.00108
4572 0.00108
4573 0.00108
4574 0.00108
4575 0.00108
4576 0.00108
4577 0.00108
4578 0.00108
4579 0.00108
4580 0.00108
4581 0.00108
4582 0.00108
4583 0.00108
4584 0.00108
4585 0.00108
4586 0.00108
4587 0.00108
4588 0.00108
4589 0.00108
4590 0.00108
4591 0.00108
4592 0.00108
4593 0.00108
4594 0.00108
4595 0.00108
4596 0.00108
4597 0.00108
4598 0.00108
4599 0.00108
4600 0.00108
4601 0.00108
4602 0.00108
4603 0.00108
4604 0.00108
4605 0.00108
4606 0.00108
4607 0.00108
4608 0.00108
4609 0.00108
4610 0.00108
4611 0.00108
4612 0.00108
4613 0.00108
4614 0.00108
4615 0.00108
4616 0.00108
4617 0.00108
4618 0.00108
4619 0.00108
4620 0.00108
4621 0.00108
4622 0.0013
4623 0.0013
4624 0.0013
4625 0.0013
4626 0.0013
4627 0.0013
4628 0.0013
4629 0.0013
4630 0.0013
4631 0.0013
4632 0.0013
4633 0.0013
4634 0.0013
4635 0.0013
4636 0.0013
4637 0.0013
4638 0.0013
4639 0.0013
4640 0.0013
4641 0.0013
4642 0.0013
4643 0.0013
4644 0.0013
4645 0.0013
4646 0.0013
4647 0.0013
4648 0.0013
4649 0.0013
4650 0.0013
4651 0.0013
4652 0.0013
4653 0.0013
4654 0.0013
4655 0.0013
4656 0.0013
4657 0.0013
4658 0.0013
4659 0.0013
4660 0.0013
4661 0.0013
4662 0.0013
4663 0.0013
4664 0.0013
4665 0.0013
4666 0.0013
4667 0.0013
4668 0.0013
4669 0.0013
4670 0.0013
4671 0.0013
4672 0.0013
4673 0.0013
4674 0.0013
4675 0.0013
4676 0.0013
4677 0.0013
4678 0.0013
4679 0.0013
4680 0.0013
4681 0.0013
4682 0.0013
4683 0.0013
4684 0.0013
4685 0.0013
4686 0.0013
4687 0.0013
4688 0.0013
4689 0.0013
4690 0.0013
4691 0.0013
4692 0.0013
4693 0.0013
4694 0.0013
4695 0.0013
4696 0.0013
4697 0.0013
4698 0.0013
4699 0.0013
4700 0.0013
4701 0.0013
4702 0.0013
4703 0.0013
4704 0.0013
4705 0.0013
4706 0.0013
4707 0.0013
4708 0.0013
4709 0.0013
4710 0.0013
4711 0.0013
4712 0.0013
4713 0.0013
4714 0.0013
4715 0.0013
4716 0.0013
4717 0.0013
4718 0.0013
4719 0.0013
4720 0.0013
4721 0.0013
4722 0.0013
4723 0.0013
4724 0.0013
4725 0.0013
4726 0.0013
4727 0.0013
4728 0.0013
4729 0.0013
4730 0.0013
4731 0.0013
4732 0.0013
4733 0.0013
4734 0.0013
4735 0.0013
4736 0.0013
4737 0.0013
4738 0.0013
4739 0.0013
4740 0.0013
4741 0.0013
4742 0.0013
4743 0.0013
4744 0.0013
4745 0.0013
4746 0.0013
4747 0.0013
4748 0.0013
4749 0.0013
4750 0.0013
4751 0.0013
4752 0.0013
4753 0.0013
4754 0.0013
4755 0.0013
4756 0.0013
4757 0.0013
4758 0.0013
4759 0.0013
4760 0.0013
4761 0.0013
4762 0.0013
4763 0.0013
4764 0.0013
4765 0.0013
4766 0.0013
4767 0.0013
4768 0.0013
4769 0.0013
4770 0.0013
4771 0.0013
4772 0.0013
4773 0.0013
4774 0.0013
4775 0.0013
4776 0.0013
4777 0.0013
4778 0.0013
4779 0.0013
4780 0.0013
4781 0.0013
4782 0.0013
4783 0.0013
4784 0.0013
4785 0.0013
4786 0.0013
4787 0.0013
4788 0.0013
4789 0.0013
4790 0.0013
4791 0.0013
4792 0.0013
4793 0.0013
4794 0.0013
4795 0.0013
4796 0.0013
4797 0.0013
4798 0.0013
4799 0.0013
4800 0.0013
4801 0.0013
4802 0.0013
4803 0.0013
4804 0.0013
4805 0.0013
4806 0.0013
4807 0.0013
4808 0.0013
4809 0.0013
4810 0.0013
4811 0.0013
4812 0.0013
4813 0.0013
4814 0.0013
4815 0.0013
4816 0.0013
4817 0.0013
4818 0.0013
4819 0.0013
4820 0.0013
4821 0.0013
4822 0.0013
4823 0.0013
4824 0.0013
4825 0.0013
4826 0.0013
4827 0.0013
4828 0.0013
4829 0.0013
4830 0.0013
4831 0.0013
4832 0.0013
4833 0.0013
4834 0.0013
4835 0.0013
4836 0.0013
4837 0.0013
4838 0.0013
4839 0.0013
4840 0.0013
4841 0.0013
4842 0.0013
4843 0.0013
4844 0.0013
4845 0.0013
4846 0.0013
4847 0.0013
4848 0.0013
4849 0.0013
4850 0.0013
4851 0.0013
4852 0.0013
4853 0.0013
4854 0.0013
4855 0.0013
4856 0.0013
4857 0.0013
4858 0.0013
4859 0.0013
4860 0.0013
4861 0.0013
4862 0.0013
4863 0.0013
4864 0.00138
4865 0.00138
4866 0.00138
4867 0.00138
4868 0.00138
4869 0.00138
4870 0.00138
4871 0.00138
4872 0.00138
4873 0.00138
4874 0.00138
4875 0.00138
4876 0.00138
4877 0.00138
4878 0.00138
4879 0.00138
4880 0.00138
4881 0.00138
4882 0.00138
4883 0.00138
4884 0.00138
4885 0.00138
4886 0.00138
4887 0.00138
4888 0.00138
4889 0.00138
4890 0.00138
4891 0.00138
4892 0.00138
4893 0.00138
4894 0.00138
4895 0.00138
4896 0.00138
4897 0.00138
4898 0.00138
4899 0.00138
4900 0.00138
4901 0.00138
4902 0.00138
4903 0.00138
4904 0.00138
4905 0.00138
4906 0.00138
4907 0.00138
4908 0.00138
4909 0.00138
4910 0.00138
4911 0.00138
4912 0.00138
4913 0.00138
4914 0.00138
4915 0.00138
4916 0.00138
4917 0.00138
4918 0.00138
4919 0.00138
4920 0.00138
4921 0.00138
4922 0.00138
4923 0.00138
4924 0.00138
4925 0.00138
4926 0.00138
4927 0.00138
4928 0.00138
4929 0.00138
4930 0.00138
4931 0.0014
4932 0.0014
4933 0.0014
4934 0.0014
4935 0.0014
4936 0.0014
4937 0.0014
4938 0.0014
4939 0.0014
4940 0.0014
4941 0.0014
4942 0.0014
4943 0.0014
4944 0.0014
4945 0.0014
4946 0.0014
4947 0.00144
4948 0.00144
4949 0.00144
4950 0.00144
4951 0.00144
4952 0.00144
4953 0.00144
4954 0.00144
4955 0.00144
4956 0.00144
4957 0.00144
4958 0.00144
4959 0.00144
4960 0.00144
4961 0.00144
4962 0.00144
4963 0.00144
4964 0.00144
4965 0.00144
4966 0.00144
4967 0.00144
4968 0.00144
4969 0.00144
4970 0.00144
4971 0.00144
4972 0.00144
4973 0.00144
4974 0.00144
4975 0.00144
4976 0.00144
4977 0.00144
4978 0.00144
4979 0.00144
4980 0.00144
4981 0.00144
4982 0.00144
4983 0.00144
4984 0.00144
4985 0.00144
4986 0.00144
4987 0.00144
4988 0.00144
4989 0.00144
4990 0.00144
4991 0.00144
4992 0.00144
4993 0.00144
4994 0.00144
4995 0.00144
4996 0.00144
4997 0.0016
4998 0.0016
4999 0.0016
===============================================
================== Validation ==================
validation_valid           = 0
validation_fast_median     = 0
validation_exact_median    = 0
validation_mean_abs_diff   = 0
validation_fast_seconds    = 0
validation_exact_seconds   = 0
===============================================
note: sensitivity uses a fixed calibrated FC belt built at the
      nominal N_sig=0 profile-fit background point, and validation
      compares it against the slower nested toy construction.
