==================== Input ====================
datafile                   = data/finaldata/step4f_run1to20_eg_doubleonly_allpatterns_500ns.txt
events_used                = 18
skipped_non5               = 0
skipped_outside_win        = 1560
N_mu_eff_nom               = 1708.309523
N_mu_eff_sigma             = 25.87633079
br_scan_points             = 51
n_calib_toys               = 400
n_sens_toys                = 500
seed                       = 320002
n_validation_toys          = 0
n_validation_inner         = 0
local_exact_half_window    = 2
local_exact_inner_toys     = 400
===============================================
==================== Fits =====================
data_free_status           = 0
data_free_nll             = 316.9855428
data_free_N_sig_hat       = 1.339294653e-08
data_free_N_rmd_hat       = 1.662208446
data_free_N_acc_hat       = 15.32152269
data_bg0_status            = 0
data_bg0_nll              = 280.5900975
data_bg0_N_sig_fixed      = 0
data_bg0_N_rmd_hat        = 1.662564671
data_bg0_N_acc_hat        = 15.32116131
===============================================
================== Calibration =================
# BR  N_sig_nom  n_valid  q50  q90  q95
0 0 400 0 0 0
5e-05 0.08541547617 400 0.1708308185 0.1708309596 3.003306952
0.0001 0.1708309523 400 0.3416618512 1.81586703 1.87268168
0.00015 0.2562464285 400 0.5124928656 1.232132244 1.235651339
0.0002 0.3416619047 400 0.6833238963 0.8303246273 1.56963915
0.00025 0.4270773808 400 0.8541542328 0.8541549436 2.830550019
0.0003 0.512492857 400 1.024985366 1.024985976 2.450994856
0.00035 0.5979083332 400 1.195816675 1.994912477 2.025287395
0.0004 0.6833238093 400 1.366647433 1.642368372 1.662378364
0.00045 0.7687392855 400 1.362077204 1.537479159 1.558747746
0.0005 0.8541547617 400 1.111066745 1.70831025 1.72939149
0.00055 0.9395702378 400 0.9001321294 1.879141358 2.830893568
0.0006 1.024985714 400 0.7234297701 2.049972476 2.439681449
0.00065 1.11040119 400 0.5707406763 2.220803583 2.22080361
0.0007 1.195816666 400 0.4472968684 2.391634743 2.391634762
0.00075 1.281232142 400 0.3406988297 2.562465913 2.614703243
0.0008 1.366647619 400 0.2537809634 2.733296985 2.733297104
0.00085 1.452063095 400 0.1843261972 2.904128294 2.987755729
0.0009 1.537478571 400 0.2175113052 3.074959376 3.074959491
0.00095 1.622894047 400 0.288557143 3.245790692 3.245790726
0.001 1.708309523 400 0.3568963419 3.416621898 3.416621958
0.00105 1.793724999 400 0.4214486249 3.587452854 3.587453189
0.0011 1.879140476 400 0.5021101585 3.758284087 3.758284472
0.00115 1.964555952 400 0.5785821536 3.92911147 3.929115694
0.0012 2.049971428 400 0.6643293011 4.09994643 4.099947006
0.00125 2.135386904 400 0.6598598517 4.270777869 4.270778337
0.0013 2.22080238 400 0.8459765361 4.441596513 4.441609392
0.00135 2.306217856 400 0.9412220985 4.068536785 4.612440658
0.0014 2.391633333 400 0.877340064 3.81531774 4.783272335
0.00145 2.477048809 400 0.78301349 4.954103286 4.954103736
0.0015 2.562464285 400 0.6550475127 3.146184523 5.124934384
0.00155 2.647879761 400 0.5843830296 3.107340259 5.295764415
0.0016 2.733295237 400 0.5001521682 2.888576609 5.466597674
0.00165 2.818710713 400 0.4294144229 2.697923359 5.637428776
0.0017 2.90412619 400 0.3445549306 2.502749879 5.808241722
0.00175 2.989541666 400 0.3746044303 3.863084756 5.979091549
0.0018 3.074957142 400 0.4318142682 2.170144412 6.14985071
0.00185 3.160372618 400 0.4918249944 2.047947658 5.176150706
0.0019 3.245788094 400 0.5579353307 2.219664718 5.562002342
0.00195 3.33120357 400 0.6252761013 3.01003206 4.766539363
0.002 3.416619047 400 0.6390028926 2.721713501 4.438344139
0.00205 3.502034523 400 0.5643050087 2.659577146 4.305506879
0.0021 3.587449999 400 0.4939257882 2.625572969 4.000907683
0.00215 3.672865475 400 0.8668562889 2.745113264 2.789669427
0.0022 3.758280951 400 0.3697158075 2.873031011 3.576597851
0.00225 3.843696427 400 0.3154502945 3.001526394 3.386381058
0.0023 3.929111904 400 0.2676666612 3.121828744 3.219125107
0.00235 4.01452738 400 0.2849486332 3.060330553 3.276348294
0.0024 4.099942856 400 0.3299028735 2.886388192 3.381981028
0.00245 4.185358332 400 0.379127568 3.507547298 3.523996782
0.0025 4.270773808 400 0.4255607121 3.637974213 3.644728747
calibration_seconds        = 2.890573375
===============================================
=================== Observed ===================
observed_fast_ok           = 1
observed_fast_BR90         = 0.00075
observed_fast_Nsig90_nom   = 1.281232142
observed_local_exact_ok    = 1
observed_local_exact_BR90  = 0.00095
observed_local_exact_Nsig90_nom = 1.622894047
# BR  q_obs  p_value  accepted
0 0 1 1
5e-05 0.1708308781 0.42 1
0.0001 0.3416618523 0.4975 1
0.00015 0.5124928412 0.5525 1
0.0002 0.6833238446 0.5675 1
0.00025 0.8541548626 0.31 1
0.0003 1.024985895 0.3175 1
0.00035 1.195816942 0.395 1
0.0004 1.366648004 0.34 1
0.00045 1.53747908 0.24 1
0.0005 1.708310171 0.2325 1
0.00055 1.879141277 0.265 1
0.0006 2.049972397 0.2125 1
0.00065 2.220803532 0.135 1
0.0007 2.391634681 0.1775 1
0.00075 2.562465845 0.155 1
0.0008 2.733297024 0.0875 0
0.00085 2.904128217 0.1525 1
0.0009 3.074959424 0.0925 0
0.00095 3.245790647 0.1075 1
0.001 3.416621883 0.095 0
0.00105 3.587453135 0.09 0
0.0011 3.758284401 0.0675 0
0.00115 3.929115682 0.07 0
0.0012 4.099946977 0.0675 0
0.00125 4.270778287 0.07 0
0.0013 4.441609611 0.0375 0
0.00135 4.61244095 0.0375 0
0.0014 4.783272304 0.0575 0
0.00145 4.954103672 0.0725 0
0.0015 5.124935055 0.03 0
0.00155 5.295766452 0.0275 0
0.0016 5.466597864 0.035 0
0.00165 5.637429291 0.0325 0
0.0017 5.808260732 0.0275 0
0.00175 5.979092187 0.0275 0
0.0018 6.149923658 0.0175 0
0.00185 6.320755143 0.0175 0
0.0019 6.491586642 0.0175 0
0.00195 6.662418156 0.0225 0
0.002 6.833249685 0.0225 0
0.00205 7.004081228 0.0175 0
0.0021 7.174912786 0.02 0
0.00215 7.345744359 0.01 0
0.0022 7.516575946 0.005 0
0.00225 7.687407547 0.0025 0
0.0023 7.858239164 0.0125 0
0.00235 8.029070795 0.015 0
0.0024 8.19990244 0.005 0
0.00245 8.3707341 0.0025 0
0.0025 8.541565775 0.0025 0
===============================================
================= Sensitivity ==================
sensitivity_valid_toys     = 500
sensitivity_BR50           = 0.00105
sensitivity_Nsig50_nom     = 1.793724999
sensitivity_BR16           = 0.00085
sensitivity_BR84           = 0.00125
sensitivity_BR05           = 0.0004
sensitivity_BR95           = 0.0015
sensitivity_seconds_total  = 168.7168545
===============================================
=============== Sensitivity Toys ==============
# toy_index  BR90
0 5e-05
1 5e-05
2 5e-05
3 5e-05
4 5e-05
5 5e-05
6 0.0004
7 0.0004
8 0.0004
9 0.0004
10 0.0004
11 0.0004
12 0.0004
13 0.0004
14 0.0004
15 0.0004
16 0.0004
17 0.0004
18 0.0004
19 0.0004
20 0.0004
21 0.0004
22 0.0004
23 0.0004
24 0.0004
25 0.0004
26 0.0004
27 0.0004
28 0.00055
29 0.0006
30 0.0006
31 0.0006
32 0.0006
33 0.0006
34 0.0006
35 0.0006
36 0.0006
37 0.0006
38 0.0006
39 0.0006
40 0.0006
41 0.0006
42 0.0006
43 0.0006
44 0.0006
45 0.0006
46 0.0006
47 0.0006
48 0.0006
49 0.0006
50 0.0006
51 0.0006
52 0.0006
53 0.0006
54 0.0006
55 0.0006
56 0.0006
57 0.0006
58 0.0006
59 0.0006
60 0.0006
61 0.0006
62 0.0006
63 0.0007
64 0.00075
65 0.00075
66 0.00075
67 0.00075
68 0.00075
69 0.0008
70 0.0008
71 0.00085
72 0.00085
73 0.00085
74 0.00085
75 0.00085
76 0.00085
77 0.00085
78 0.00085
79 0.00085
80 0.00085
81 0.00085
82 0.00085
83 0.00085
84 0.00085
85 0.00085
86 0.00085
87 0.00085
88 0.00085
89 0.00085
90 0.00085
91 0.00085
92 0.00085
93 0.00085
94 0.00085
95 0.00085
96 0.00085
97 0.00085
98 0.00085
99 0.00085
100 0.00085
101 0.00085
102 0.00085
103 0.00085
104 0.00085
105 0.00085
106 0.00085
107 0.00085
108 0.00085
109 0.00085
110 0.00085
111 0.00085
112 0.00085
113 0.00085
114 0.00085
115 0.00085
116 0.00085
117 0.00085
118 0.00085
119 0.00085
120 0.00085
121 0.00085
122 0.00085
123 0.00085
124 0.00085
125 0.00085
126 0.00085
127 0.00085
128 0.00085
129 0.00085
130 0.00085
131 0.00085
132 0.00085
133 0.00085
134 0.00085
135 0.00085
136 0.00085
137 0.00085
138 0.00085
139 0.00085
140 0.00085
141 0.00085
142 0.00085
143 0.00085
144 0.00085
145 0.00085
146 0.00085
147 0.00085
148 0.00085
149 0.00085
150 0.00085
151 0.00085
152 0.00085
153 0.00085
154 0.00085
155 0.00085
156 0.00085
157 0.00085
158 0.00085
159 0.00085
160 0.00085
161 0.00085
162 0.00085
163 0.00085
164 0.00085
165 0.00085
166 0.00085
167 0.00085
168 0.00085
169 0.00085
170 0.00085
171 0.00085
172 0.00085
173 0.00085
174 0.00085
175 0.00085
176 0.00085
177 0.00085
178 0.00085
179 0.00085
180 0.00085
181 0.00085
182 0.00085
183 0.00085
184 0.00085
185 0.00085
186 0.00085
187 0.00085
188 0.00085
189 0.0009
190 0.0009
191 0.0009
192 0.0009
193 0.0009
194 0.0009
195 0.0009
196 0.0009
197 0.0009
198 0.0009
199 0.0009
200 0.0009
201 0.0009
202 0.0009
203 0.0009
204 0.0009
205 0.00095
206 0.00095
207 0.00095
208 0.00095
209 0.00095
210 0.001
211 0.001
212 0.001
213 0.001
214 0.001
215 0.001
216 0.001
217 0.001
218 0.001
219 0.001
220 0.001
221 0.00105
222 0.00105
223 0.00105
224 0.00105
225 0.00105
226 0.00105
227 0.00105
228 0.00105
229 0.00105
230 0.00105
231 0.00105
232 0.00105
233 0.00105
234 0.00105
235 0.00105
236 0.00105
237 0.00105
238 0.00105
239 0.00105
240 0.00105
241 0.00105
242 0.00105
243 0.00105
244 0.00105
245 0.00105
246 0.00105
247 0.00105
248 0.00105
249 0.00105
250 0.00105
251 0.00105
252 0.00105
253 0.00105
254 0.00105
255 0.00105
256 0.00105
257 0.00105
258 0.00105
259 0.00105
260 0.00105
261 0.00105
262 0.00105
263 0.00105
264 0.00105
265 0.00105
266 0.00105
267 0.00105
268 0.00105
269 0.00105
270 0.00105
271 0.00105
272 0.00105
273 0.00105
274 0.00105
275 0.00105
276 0.00105
277 0.00105
278 0.00105
279 0.00105
280 0.00105
281 0.00105
282 0.00105
283 0.00105
284 0.00105
285 0.00105
286 0.00105
287 0.0011
288 0.0011
289 0.0011
290 0.0011
291 0.0011
292 0.0011
293 0.0011
294 0.0011
295 0.0011
296 0.0011
297 0.0011
298 0.00115
299 0.00115
300 0.00115
301 0.00115
302 0.00115
303 0.00115
304 0.00115
305 0.00115
306 0.00115
307 0.00115
308 0.00115
309 0.00115
310 0.0012
311 0.0012
312 0.0012
313 0.00125
314 0.00125
315 0.00125
316 0.00125
317 0.00125
318 0.00125
319 0.00125
320 0.00125
321 0.00125
322 0.00125
323 0.00125
324 0.00125
325 0.00125
326 0.00125
327 0.00125
328 0.00125
329 0.00125
330 0.00125
331 0.00125
332 0.00125
333 0.00125
334 0.00125
335 0.00125
336 0.00125
337 0.00125
338 0.00125
339 0.00125
340 0.00125
341 0.00125
342 0.00125
343 0.00125
344 0.00125
345 0.00125
346 0.00125
347 0.00125
348 0.00125
349 0.00125
350 0.00125
351 0.00125
352 0.00125
353 0.00125
354 0.00125
355 0.00125
356 0.00125
357 0.00125
358 0.00125
359 0.00125
360 0.00125
361 0.00125
362 0.00125
363 0.00125
364 0.00125
365 0.00125
366 0.00125
367 0.00125
368 0.00125
369 0.00125
370 0.00125
371 0.00125
372 0.00125
373 0.00125
374 0.00125
375 0.00125
376 0.00125
377 0.00125
378 0.00125
379 0.00125
380 0.00125
381 0.00125
382 0.00125
383 0.00125
384 0.00125
385 0.00125
386 0.00125
387 0.00125
388 0.00125
389 0.00125
390 0.00125
391 0.00125
392 0.00125
393 0.00125
394 0.00125
395 0.00125
396 0.00125
397 0.00125
398 0.00125
399 0.00125
400 0.00125
401 0.00125
402 0.00125
403 0.00125
404 0.00125
405 0.00125
406 0.00125
407 0.00125
408 0.00125
409 0.00125
410 0.00125
411 0.00125
412 0.00125
413 0.00125
414 0.00125
415 0.00125
416 0.00125
417 0.00125
418 0.00125
419 0.00125
420 0.00125
421 0.00125
422 0.00125
423 0.00125
424 0.00125
425 0.00125
426 0.0013
427 0.0013
428 0.0013
429 0.0013
430 0.0013
431 0.0013
432 0.0013
433 0.0013
434 0.0013
435 0.0013
436 0.0013
437 0.0013
438 0.0013
439 0.0013
440 0.0013
441 0.0013
442 0.0013
443 0.0013
444 0.00135
445 0.00135
446 0.00135
447 0.00135
448 0.00135
449 0.00135
450 0.00135
451 0.00135
452 0.00135
453 0.00135
454 0.00135
455 0.00135
456 0.00135
457 0.00135
458 0.0014
459 0.0014
460 0.0014
461 0.0014
462 0.0014
463 0.00145
464 0.0015
465 0.0015
466 0.0015
467 0.0015
468 0.0015
469 0.0015
470 0.0015
471 0.0015
472 0.0015
473 0.0015
474 0.0015
475 0.0015
476 0.0015
477 0.0015
478 0.0015
479 0.0015
480 0.0015
481 0.0015
482 0.0015
483 0.0015
484 0.0015
485 0.0015
486 0.0015
487 0.0015
488 0.0015
489 0.0015
490 0.0015
491 0.0015
492 0.0015
493 0.0015
494 0.0015
495 0.0018
496 0.00195
497 0.002
498 0.00205
499 0.0023
===============================================
================== Validation ==================
validation_valid           = 0
validation_fast_median     = 0
validation_exact_median    = 0
validation_mean_abs_diff   = 0
validation_fast_seconds    = 0
validation_exact_seconds   = 0
===============================================
note: sensitivity now uses a local exact refinement around the FC boundary.
      First a global calibration belt is built once, then each outer toy
      re-calibrates only the boundary-neighbour BR points with toy-specific
      nested FC toys. validation compares this local-exact method against
      the slower full nested toy construction.
