# NaI pair timediff threshold scan
# input_dir: data/rawdata/mainexp/120°/run8
# pair_cut : |dt| <= 30 samples
# columns:
# seed end n_events nA_acc nB_acc cuspA cuspB fracA_abs1 fracB_abs1 gausA_ok gausA_mu gausA_sigma gausA_chi2ndf gausB_ok gausB_mu gausB_sigma gausB_chi2ndf
50.000000 25.000000 35450 20429 4529 3.580766 1.781312 0.167262 0.212630 1 0.793544 9.403455 53.825355 1 -0.859893 8.329848 31.457427
60.000000 30.000000 35450 18807 3257 3.726856 1.897196 0.174244 0.245011 1 0.679389 9.184791 53.077422 1 -1.116368 7.050615 30.280128
70.000000 35.000000 35450 17361 2518 3.918404 1.715000 0.180635 0.267673 1 0.437877 9.090942 51.361158 1 -1.015308 1.101960 24.430402
80.000000 40.000000 35450 16091 2045 3.986800 1.723296 0.186564 0.293888 1 0.283501 8.958706 49.459480 1 -1.039877 1.013601 17.130944
90.000000 45.000000 35450 15078 1738 4.037814 1.463415 0.190476 0.302071 1 0.145158 8.861209 49.777939 1 -1.072267 0.911978 13.730647
100.000000 50.000000 35450 14127 1517 4.175528 1.354248 0.192256 0.311140 1 0.031244 8.804107 46.808180 1 -1.079316 0.876463 11.371237
120.000000 60.000000 35450 12683 1187 4.097150 1.509804 0.195380 0.339511 1 0.069826 8.599304 42.891469 1 -1.063096 0.880954 7.532646
